0.000000000000000000e+00
2.882675122513692892e-04
1.441337561256846446e-04
1.441337561256846446e-04
2.882675122513692892e-04
4.324012683770538795e-04
7.206687806284231687e-04
2.882675122513692892e-04
8.648025367541077590e-04
1.441337561256846337e-03
1.441337561256846337e-03
2.594407610262323277e-03
2.017872585759584916e-03
1.167483424618045475e-02
6.486019025655808193e-03
5.332948976650331470e-03
1.498991063707120173e-02
1.326030556356298622e-02
1.484577688094551769e-02
1.369270683194004010e-02
1.643124819832804742e-02
2.536754107812049658e-02
3.170942634765062246e-02
2.363793600461228106e-02
4.381666186220813108e-02
4.309599308157970737e-02
3.315076390890746294e-02
4.468146439896223537e-02
4.165465552032285995e-02
4.223119054482559614e-02
5.376189103488036858e-02
4.799654078985298583e-02
6.111271259729028626e-02
4.468146439896223537e-02
4.958201210723551383e-02
4.338426059383107547e-02
6.197751513404439055e-02
6.140098010954165436e-02
7.624675699048717725e-02
6.140098010954165436e-02
4.122225425194580434e-02
4.496973191121360347e-02
5.650043240126837590e-02
5.131161718074372935e-02
7.696742577111559402e-02
6.413952147592966169e-02
6.889593542807725957e-02
5.159988469299509745e-02
6.039204381666186255e-02
4.684347074084750651e-02
6.687806284231767595e-02
7.437301816085327422e-02
7.120207552608820434e-02
7.956183338137791383e-02
6.817526664744882892e-02
6.947247045257999576e-02
7.956183338137791383e-02
1.109829922167771682e-01
1.279907754396079622e-01
1.419717497837993669e-01
2.056788699913519869e-01
1.769962525223407190e-01
1.412510810031709363e-01
1.898241568175266514e-01
1.487460363217065484e-01
2.209570481406745446e-01
2.004900547708273195e-01
1.797347938887287333e-01
2.373882963390026024e-01
1.725281060824445101e-01
2.389737676563851165e-01
3.833957912943211088e-01
3.832516575381954560e-01
3.606226578264629667e-01
2.718362640530412322e-01
3.391467281637359221e-01
3.283366964543095734e-01
5.073508215624099593e-01
5.820121072355145531e-01
5.713462092822139127e-01
6.163159411934274745e-01
5.096569616604208486e-01
5.345921014701643381e-01
7.055347362352263341e-01
5.713462092822139127e-01
6.238108965119630867e-01
6.707985010089363431e-01
5.325742288844047545e-01
6.082444508503891401e-01
6.961660420870567911e-01
7.885557797636206789e-01
5.083597578552897511e-01
7.123090227731334600e-01
6.722398385701930934e-01
6.063707120207552093e-01
7.561256846353415773e-01
9.231767079850100588e-01
6.768521187662150940e-01
5.639953877198039534e-01
8.268953588930527676e-01
8.065724992793311676e-01
9.734793888728739963e-01
9.381666186220812831e-01
1.000000000000000000e+00
7.412799077543961168e-01
7.225425194580570309e-01
6.856442778898818036e-01
6.449985586624387146e-01
9.066013260305563204e-01
7.718362640530411767e-01
8.081579705967137928e-01
6.641683482271547589e-01
5.482848083021043539e-01
5.259440761026232813e-01
6.699336984721822041e-01
6.191986163159411971e-01
6.350533294897664494e-01
6.076679158258864177e-01
5.789852983568751776e-01
4.891899682905736513e-01
3.819544537330643030e-01
3.600461228019602444e-01
5.113865667339291265e-01
5.416546555203228808e-01
5.311328913231478932e-01
4.360046122801960466e-01
3.548573075814355771e-01
2.974920726434130969e-01
4.515710579417699377e-01
4.407610262323435890e-01
3.970884981262611801e-01
4.341308734505621159e-01
3.770539060247909968e-01
2.646295762467569812e-01
2.467569904871720898e-01
3.567310464110694523e-01
4.093398673969443902e-01
3.149322571346209187e-01
3.000864802536754028e-01
3.025367541078120559e-01
2.386855001441337554e-01
2.509368694148169654e-01
3.417411357739982836e-01
3.668204093398673704e-01
3.296339002594407819e-01
3.168059959642548495e-01
3.074373018160853066e-01
2.703949264917843709e-01
2.555491496108388549e-01
2.807725569328336501e-01
3.059959642548285008e-01
2.852407033727298868e-01
2.999423464975497500e-01
2.539636782934563408e-01
2.107235514557509459e-01
2.567022196598443551e-01
2.806284231767079973e-01
3.097434419140963069e-01
3.172383972326318635e-01
2.934563274718939296e-01
2.865379071778610398e-01
2.257134620928221425e-01
2.219659844335543364e-01
2.669357163447679260e-01
2.993658114730469721e-01
2.561256846353415773e-01
3.006630152781781251e-01
2.242721245315652812e-01
1.925626981839146656e-01
1.777169213029691497e-01
2.613144998558662446e-01
2.767368117613144829e-01
2.776016142980686219e-01
2.799077543960795667e-01
2.742865379071778853e-01
2.026520611127125837e-01
1.976073796483136247e-01
2.506486019025656042e-01
2.692418564427789263e-01
2.930239262035168601e-01
2.833669645430960116e-01
2.526664744883251879e-01
2.039492649178437644e-01
2.280196021908330872e-01
2.533871432689535630e-01
2.832228307869703032e-01
2.826462957624675809e-01
2.993658114730469721e-01
2.542519458057077020e-01
1.820409339867397058e-01
2.136062265782646408e-01
2.362352262899971300e-01
2.680887863937734261e-01
3.077255693283367233e-01
3.000864802536754028e-01
2.428653790717786032e-01
2.213894494090515863e-01
1.880945517440184567e-01
2.680887863937734261e-01
2.411357739982704085e-01
2.663591813202652037e-01
2.306140098010954209e-01
1.720957048140674683e-01
1.519169789564716044e-01
1.977515134044393330e-01
2.494955318535601041e-01
3.202652061112712389e-01
3.039780916690689172e-01
2.771692130296915524e-01
2.551167483424617854e-01
2.337849524358604769e-01
2.427212453156529226e-01
2.536754107812049797e-01
2.650619775151340507e-01
2.709714615162870932e-01
2.461804554626693675e-01
2.258575958489478230e-01
2.239838570193139200e-01
1.630152781781493143e-01
2.270106658979532954e-01
2.522340732199481184e-01
2.628999711732487587e-01
2.559815508792159244e-01
2.186509080426635998e-01
2.006341885269530001e-01
1.569616604208705635e-01
1.617180743730181613e-01
2.434419140962813533e-01
2.610262323436148835e-01
2.535312770250792713e-01
2.226866532141827670e-01
1.584029979821274248e-01
1.660420870567886897e-01
2.154799654078985160e-01
2.555491496108388549e-01
2.350821562409916299e-01
2.219659844335543364e-01
2.169213029691553773e-01
1.328913231478812407e-01
1.447102911501873812e-01
2.189391755549149610e-01
2.203805131161717945e-01
2.430095128279042838e-01
2.316229460939752127e-01
1.893917555491496096e-01
1.454309599308157841e-01
1.219371576823291975e-01
2.219659844335543364e-01
2.595848947823580222e-01
2.260017296050735036e-01
2.271547996540789760e-01
1.899682905736523597e-01
1.560968578841164522e-01
1.302969155376189070e-01
2.350821562409916299e-01
2.294609397520899485e-01
2.369558950706255329e-01
2.301816085327183514e-01
1.918420294032862627e-01
1.445661573940617006e-01
1.362063995387719773e-01
2.097146151628711541e-01
2.267223983857019343e-01
2.234073219948111977e-01
2.157682329201499050e-01
2.075526088209858622e-01
1.448544249063130618e-01
1.447102911501873812e-01
2.254251945805707813e-01
2.262899971173248648e-01
2.476217930239262011e-01
2.146151628711444326e-01
1.892476217930239291e-01
1.612856731046411196e-01
1.491784375900835902e-01
2.172095704814067385e-01
2.492072643413087429e-01
2.209570481406745446e-01
2.464687229749207287e-01
2.536754107812049797e-01
2.002017872585759584e-01
1.797347938887287333e-01
2.395503026808878666e-01
2.206687806284231834e-01
2.604496973191121612e-01
3.083021043528394456e-01
2.754396079561833299e-01
2.159123666762755855e-01
2.020755260882098614e-01
2.879792447391179011e-01
3.464975497261458814e-01
3.195445373306428638e-01
3.157970596713750577e-01
2.800518881522052195e-01
2.448832516575381868e-01
2.487748630729316734e-01
3.452003459210147285e-01
3.632170654367252727e-01
3.695589507062553847e-01
2.466128567310464093e-01
2.771692130296915524e-01
2.822138944940905114e-01
2.826462957624675809e-01
4.355722110118189772e-01
5.171519169789564607e-01
4.811184779475353168e-01
3.299221677716921430e-01
3.531277025079273546e-01
3.541366388008071464e-01
3.427500720668780754e-01
5.311328913231478932e-01
6.055059094840011813e-01
6.285673104641107400e-01
6.026232343614874587e-01
5.722110118189680517e-01
