0.000000000000000000e+00
0.000000000000000000e+00
0.000000000000000000e+00
5.128205128205128201e-03
5.128205128205128201e-03
5.128205128205128201e-03
0.000000000000000000e+00
5.128205128205128201e-03
0.000000000000000000e+00
5.128205128205128201e-03
5.128205128205128201e-03
5.128205128205128201e-03
5.128205128205128201e-03
5.128205128205128201e-03
1.538461538461538547e-02
2.564102564102564014e-02
5.128205128205128201e-03
3.076923076923077094e-02
3.589743589743589480e-02
4.102564102564102561e-02
5.128205128205128201e-03
3.076923076923077094e-02
3.076923076923077094e-02
5.641025641025641107e-02
4.615384615384615641e-02
3.589743589743589480e-02
4.102564102564102561e-02
2.051282051282051280e-02
5.128205128205128027e-02
2.051282051282051280e-02
5.641025641025641107e-02
4.102564102564102561e-02
3.076923076923077094e-02
3.589743589743589480e-02
5.128205128205128027e-02
5.128205128205128027e-02
5.641025641025641107e-02
2.564102564102564014e-02
4.102564102564102561e-02
4.615384615384615641e-02
3.589743589743589480e-02
6.666666666666666574e-02
7.179487179487178961e-02
4.615384615384615641e-02
4.615384615384615641e-02
6.666666666666666574e-02
5.641025641025641107e-02
4.615384615384615641e-02
9.743589743589743668e-02
7.692307692307692735e-02
7.692307692307692735e-02
1.128205128205128221e-01
1.641025641025641024e-01
9.743589743589743668e-02
1.743589743589743501e-01
1.692307692307692402e-01
1.282051282051281937e-01
1.641025641025641024e-01
2.102564102564102588e-01
2.205128205128205066e-01
2.205128205128205066e-01
3.128205128205128194e-01
2.871794871794871584e-01
3.846153846153846367e-01
3.743589743589743613e-01
4.153846153846154077e-01
4.000000000000000222e-01
4.256410256410256276e-01
5.538461538461538769e-01
6.102564102564103088e-01
5.128205128205127750e-01
6.051282051282050878e-01
7.179487179487179516e-01
6.615384615384615197e-01
7.230769230769230616e-01
7.692307692307692735e-01
6.717948717948717396e-01
8.102564102564102644e-01
8.051282051282051544e-01
8.564102564102563653e-01
8.461538461538461453e-01
8.769230769230769162e-01
9.128205128205127972e-01
8.410256410256410353e-01
7.948717948717948234e-01
9.589743589743590091e-01
9.025641025641025772e-01
9.589743589743590091e-01
9.384615384615384581e-01
1.000000000000000000e+00
9.025641025641025772e-01
8.717948717948718063e-01
9.641025641025641191e-01
9.641025641025641191e-01
7.179487179487179516e-01
8.564102564102563653e-01
7.641025641025640525e-01
7.641025641025640525e-01
7.179487179487179516e-01
7.128205128205128416e-01
7.025641025641025106e-01
7.076923076923077316e-01
7.128205128205128416e-01
6.410256410256410797e-01
6.871794871794871806e-01
6.307692307692307487e-01
6.358974358974358587e-01
5.743589743589743168e-01
6.820512820512820706e-01
6.615384615384615197e-01
5.230769230769231060e-01
4.769230769230769496e-01
5.794871794871795379e-01
5.948717948717948678e-01
5.794871794871795379e-01
5.794871794871795379e-01
4.461538461538461786e-01
4.564102564102563986e-01
4.564102564102563986e-01
5.333333333333333259e-01
4.512820512820512886e-01
4.358974358974359031e-01
5.076923076923076650e-01
4.153846153846154077e-01
3.743589743589743613e-01
3.384615384615384803e-01
3.538461538461538658e-01
4.615384615384615641e-01
3.794871794871794712e-01
2.974358974358974339e-01
4.153846153846154077e-01
3.487179487179487003e-01
2.974358974358974339e-01
4.461538461538461786e-01
3.692307692307692513e-01
4.051282051282051322e-01
3.487179487179487003e-01
3.487179487179487003e-01
4.461538461538461786e-01
3.076923076923077094e-01
3.076923076923077094e-01
3.384615384615384803e-01
3.128205128205128194e-01
2.564102564102563875e-01
3.435897435897435903e-01
2.461538461538461675e-01
2.205128205128205066e-01
2.205128205128205066e-01
2.717948717948717730e-01
2.564102564102563875e-01
2.615384615384615530e-01
3.230769230769230949e-01
2.717948717948717730e-01
2.564102564102563875e-01
2.974358974358974339e-01
2.820512820512820484e-01
3.384615384615384803e-01
3.179487179487179294e-01
3.589743589743589758e-01
2.564102564102563875e-01
2.205128205128205066e-01
3.128205128205128194e-01
2.615384615384615530e-01
2.564102564102563875e-01
2.666666666666666630e-01
2.102564102564102588e-01
2.512820512820512775e-01
2.564102564102563875e-01
3.384615384615384803e-01
2.820512820512820484e-01
2.410256410256410298e-01
3.179487179487179294e-01
2.615384615384615530e-01
2.666666666666666630e-01
2.205128205128205066e-01
2.410256410256410298e-01
2.461538461538461675e-01
2.153846153846153966e-01
3.333333333333333148e-01
2.666666666666666630e-01
2.102564102564102588e-01
2.717948717948717730e-01
2.717948717948717730e-01
2.410256410256410298e-01
2.102564102564102588e-01
2.051282051282051211e-01
2.820512820512820484e-01
2.820512820512820484e-01
2.410256410256410298e-01
2.358974358974358920e-01
2.410256410256410298e-01
2.615384615384615530e-01
2.564102564102563875e-01
2.974358974358974339e-01
1.846153846153846256e-01
2.051282051282051211e-01
2.000000000000000111e-01
3.179487179487179294e-01
2.717948717948717730e-01
2.205128205128205066e-01
2.564102564102563875e-01
2.666666666666666630e-01
2.102564102564102588e-01
2.615384615384615530e-01
2.512820512820512775e-01
2.564102564102563875e-01
2.205128205128205066e-01
2.512820512820512775e-01
2.307692307692307820e-01
2.307692307692307820e-01
2.512820512820512775e-01
1.897435897435897356e-01
2.307692307692307820e-01
2.717948717948717730e-01
2.410256410256410298e-01
2.205128205128205066e-01
1.794871794871794879e-01
2.358974358974358920e-01
2.717948717948717730e-01
2.205128205128205066e-01
2.358974358974358920e-01
2.307692307692307820e-01
1.948717948717948734e-01
1.948717948717948734e-01
2.102564102564102588e-01
1.794871794871794879e-01
2.666666666666666630e-01
2.410256410256410298e-01
1.897435897435897356e-01
2.102564102564102588e-01
2.051282051282051211e-01
2.102564102564102588e-01
1.794871794871794879e-01
1.948717948717948734e-01
2.512820512820512775e-01
2.205128205128205066e-01
2.256410256410256443e-01
1.538461538461538547e-01
1.743589743589743501e-01
1.948717948717948734e-01
2.102564102564102588e-01
1.743589743589743501e-01
2.205128205128205066e-01
1.487179487179487170e-01
2.512820512820512775e-01
1.897435897435897356e-01
1.589743589743589647e-01
2.051282051282051211e-01
1.897435897435897356e-01
2.205128205128205066e-01
1.282051282051281937e-01
2.358974358974358920e-01
2.512820512820512775e-01
2.102564102564102588e-01
1.384615384615384692e-01
2.256410256410256443e-01
2.615384615384615530e-01
1.333333333333333315e-01
2.615384615384615530e-01
1.948717948717948734e-01
1.846153846153846256e-01
1.692307692307692402e-01
1.743589743589743501e-01
1.846153846153846256e-01
1.641025641025641024e-01
1.948717948717948734e-01
2.051282051282051211e-01
1.692307692307692402e-01
2.153846153846153966e-01
1.846153846153846256e-01
2.153846153846153966e-01
1.333333333333333315e-01
1.128205128205128221e-01
2.256410256410256443e-01
2.461538461538461675e-01
2.410256410256410298e-01
2.666666666666666630e-01
1.794871794871794879e-01
1.794871794871794879e-01
2.615384615384615530e-01
2.000000000000000111e-01
2.461538461538461675e-01
1.897435897435897356e-01
2.153846153846153966e-01
2.307692307692307820e-01
3.025641025641025439e-01
2.512820512820512775e-01
1.948717948717948734e-01
1.538461538461538547e-01
1.487179487179487170e-01
2.102564102564102588e-01
2.307692307692307820e-01
2.717948717948717730e-01
2.256410256410256443e-01
2.820512820512820484e-01
2.512820512820512775e-01
2.410256410256410298e-01
2.564102564102563875e-01
6.666666666666666574e-02
