2.417906323400727741e-04
8.405102933726339536e-04
1.588909869663335380e-03
2.187629530695896479e-03
3.868650117441164386e-03
2.037949615437756150e-03
3.292958135679086365e-03
4.283148344309860647e-03
5.722378298715055482e-03
6.850734582968728663e-03
9.038364113664624708e-03
9.660111453967669751e-03
1.062727398332796031e-02
1.393174595864228767e-02
1.263068207985999086e-02
1.616543084787915030e-02
2.142725556118454250e-02
1.861787869018560401e-02
2.126606180629116161e-02
2.567586238658867842e-02
3.646433012481001962e-02
2.816285174780085512e-02
3.374706397089301257e-02
4.515727904941740228e-02
4.385621517063510028e-02
5.309031455809883754e-02
2.992446921199281434e-02
5.038456224381707149e-02
8.725187675586054681e-02
5.596877446690922547e-02
2.436328466817114236e-02
6.025192281121908439e-02
4.912955372357574041e-02
2.156542163680744140e-02
4.504214065306498538e-02
4.348777230230737451e-02
4.468521162437249367e-02
4.934831667664532628e-02
4.999309169621885679e-02
3.585409662414221904e-02
1.857182333164463656e-02
3.077649334500068973e-02
6.329157647492285321e-02
3.031593975959102905e-02
3.040805047667296049e-02
4.663105052272831751e-03
2.957905402293556710e-02
9.038364113664624708e-03
2.361488509188043941e-02
3.070741030718924028e-02
2.103578501358633127e-02
1.903237691705430071e-02
2.041403767328328622e-02
1.769677151936627918e-02
5.307880071846359654e-03
4.333809238704923461e-02
1.750103624556717183e-02
-1.631511076313729020e-02
1.311426334454013701e-02
6.954359139685902837e-03
9.141988670381798882e-03
3.546262607654400434e-03
6.631971629899138451e-03
1.271127895730668304e-02
4.816239119421544812e-02
7.242205130566941630e-03
7.391885045825081525e-03
4.985492562059595269e-03
2.406392483765486257e-03
5.250310873670151202e-03
8.151798461751024599e-03
5.837516695067471520e-03
7.161608253120250317e-03
6.482291714640998556e-03
4.283148344309860647e-03
1.381660756228987250e-03
5.664809100538847897e-03
6.033251968866578004e-03
4.812784967530972513e-03
3.661401004006816038e-03
4.524938976649932852e-03
2.878459908810390103e-03
1.324091558052779448e-03
4.121954589416478888e-03
3.177819739326670761e-03
2.199143370331137909e-03
3.828351678717818729e-02
6.873762262239211523e-03
2.104729885322157226e-02
2.959056786257080983e-03
3.891677796711647246e-03
-8.819601160595035363e-03
4.052871551605029439e-03
8.831115000230276360e-03
7.034956017132593283e-03
6.666513148804863176e-03
3.949246994887855265e-03
2.429420163035969117e-03
4.640077373002348890e-03
6.275042601206650209e-03
4.893381844977662959e-03
8.359047575185372947e-03
6.056279648137060864e-03
4.686132731543315479e-03
1.750103624556717139e-03
3.960760834523097129e-03
5.273338552940634930e-03
5.376963109657809103e-03
9.337723944180906233e-03
7.380371206189840529e-03
3.269930456408603071e-03
4.294662183945101644e-03
5.952655091419886690e-03
9.326210104545663718e-04
0.000000000000000000e+00
1.828397734076359776e-02
5.964168931055128554e-03
6.056279648137060864e-03
3.223875097867636916e-03
6.228987242665684487e-03
1.056970478515175185e-02
7.587620319624188009e-03
6.701054667710587900e-03
1.583152949845714405e-02
5.469073826739741413e-03
7.633675678165154597e-03
7.150094413485009320e-03
7.576106479988947012e-03
1.870998940726753546e-02
1.067332934186892603e-02
6.148390365218993174e-03
9.625569935061945026e-03
2.394878644130244566e-02
6.724082346981071628e-03
1.149081195597107669e-02
1.222769769262653690e-02
1.301063878782296283e-02
2.937180490950121875e-02
8.347533735550131950e-03
1.602726477225625140e-02
1.585455717772762951e-02
1.549762814903513954e-02
3.887072260857550587e-02
1.196287938101598183e-02
1.951595818173444338e-02
1.846819877492746412e-02
2.634366508543269092e-02
5.588817758946253156e-02
1.608483397043245985e-02
2.906093123934969796e-02
3.073043798645972574e-02
3.276838760189747929e-02
3.811080919264956540e-02
3.471422650025330486e-02
5.676322940174088894e-03
2.576797310367061333e-02
4.347625846267213351e-02
5.493252889973748720e-02
5.280246856721779874e-02
4.147285036614010295e-02
5.638327269377792217e-02
2.250955648689725169e-02
3.804172615483811248e-02
1.328697093906875959e-01
8.496062266844747746e-02
6.278496753097223548e-02
6.232441394556256786e-02
3.548565375581448633e-02
5.736194906277345545e-02
8.079261272049002851e-02
8.240455026942385131e-02
1.033367107262930101e-01
9.844332888131533676e-02
8.141436006079307008e-02
4.839266798692027499e-02
7.534656657302077343e-02
9.875420255146685755e-02
1.133307235296826809e-01
1.082991756090821156e-01
1.215976603877861190e-01
8.270391009994013110e-02
7.090222447381752668e-02
9.040666881591673254e-02
1.126514069912034205e-01
1.219661032561138447e-01
1.521553907797172089e-01
1.554138073964905775e-01
1.216897711048680469e-01
6.100032238750978386e-02
1.152305070694975425e-01
1.505089117118776632e-01
1.853267627688481578e-01
1.818841247179109333e-01
1.659374568231013758e-01
1.280684382627918783e-01
4.686132731543315305e-02
9.269792290332980189e-02
1.478952701146778459e-01
1.608483397043246055e-01
1.398701238889144827e-01
1.954128862893197704e-01
1.446713950168102003e-01
5.853636070556809262e-02
1.207686639340487256e-01
2.158384378022382977e-01
2.087343987472942419e-01
2.341799843411780935e-01
3.096762308294569999e-01
1.853843319670243628e-01
9.792520609772946416e-02
1.495993183806935967e-01
2.601091511997420946e-01
3.525652834707317940e-01
2.888361810896697968e-01
3.733592778519780886e-01
3.435384331967024640e-01
1.524777782895039846e-01
2.356652696541242653e-01
3.071431861097038696e-01
4.792290332980242429e-01
4.839497075484732735e-01
5.229816239119421395e-01
5.988347994289136000e-01
3.082370008750517920e-01
3.847579790908672304e-01
4.195297747892967610e-01
5.484847787040022515e-01
5.666536176484133769e-01
4.103647584396444281e-01
5.329756367153318797e-01
6.046838299636162484e-01
4.182977939483258911e-01
4.669783079261272118e-01
6.683323354672315864e-01
6.964261041772210614e-01
1.000000000000000000e+00
4.446529728733938369e-01
2.320614378482936391e-01
2.553769631096577952e-01
4.131050522728319518e-01
3.819370883802330474e-01
2.739603002809377075e-01
3.695366830930778557e-01
3.134988255883572328e-01
1.082991756090821156e-01
5.241330078754663502e-01
3.267973103670612223e-01
2.435177082853590136e-01
2.634596785335973634e-01
2.058789665177543360e-01
1.514875880808732034e-01
5.125961405609542887e-02
1.054092018606364867e-01
1.874683369410030942e-01
1.561622069727812701e-01
1.434509280154745992e-01
1.448441026113388430e-01
1.126514069912034205e-01
4.611292773914244664e-02
9.306636577165752766e-02
1.619306406300373147e-01
1.461797080090268541e-01
1.291967945470455514e-01
1.487933496062266714e-01
1.269055404596324821e-01
3.927370699580896157e-02
1.578892829180675306e-01
1.680444894763505614e-01
1.583152949845714474e-01
1.543545341500483503e-01
1.605835213927140348e-01
1.327891125132409089e-01
3.526689080274490046e-02
1.327775986736056679e-01
2.028162851747800921e-01
2.101736287016994498e-01
1.804679224427762074e-01
2.022405931930180145e-01
1.473656334914567323e-01
6.674572836549531873e-02
1.358057384976742166e-01
1.718901119145212486e-01
2.490904066688159058e-01
2.332934186892645090e-01
3.561230599180214423e-02
1.015750932621010405e-01
3.408096532031501535e-02
1.312002026435775681e-01
3.046216552295859525e-01
2.294362824114585808e-01
2.227697692626537107e-01
3.990696817574725108e-02
1.437963432045318568e-01
4.630866301294155746e-02
2.359070602864643262e-01
2.922097361027955476e-01
2.498848616036475900e-01
2.281352185326762649e-01
2.323147423202689688e-01
1.835766591442914430e-01
4.124257357343526914e-02
