1.652892561983471034e-03
0.000000000000000000e+00
4.958677685950413534e-03
3.305785123966942067e-03
1.157024793388429680e-02
4.958677685950413534e-03
9.917355371900827068e-03
1.322314049586776827e-02
2.479338842975206680e-02
2.148760330578512387e-02
2.975206611570247947e-02
1.983471074380165414e-02
5.950413223140495894e-02
3.471074380165289214e-02
4.462809917355371747e-02
1.471074380165289242e-01
1.785123966942148699e-01
1.289256198347107363e-01
1.851239669421487488e-01
1.851239669421487488e-01
3.074380165289256062e-01
3.966942148760330689e-01
3.818181818181818343e-01
6.033057851239669311e-01
4.942148760330578594e-01
5.272727272727272263e-01
4.826446280991735782e-01
6.909090909090909172e-01
8.247933884297520279e-01
8.413223140495867947e-01
7.785123966942149032e-01
9.719008264462809521e-01
7.289256198347107141e-01
5.900826446280992288e-01
1.000000000000000000e+00
9.867768595041321866e-01
8.942148760330578261e-01
6.809917355371900571e-01
9.157024793388429673e-01
5.702479338842975087e-01
5.123966942148759918e-01
5.537190082644628530e-01
8.942148760330578261e-01
8.495867768595041225e-01
6.892561983471073850e-01
6.909090909090909172e-01
6.016528925619835100e-01
3.752066115702479276e-01
7.338842975206611996e-01
6.396694214876033069e-01
5.553719008264462742e-01
5.140495867768595240e-01
5.041322314049586639e-01
3.272727272727272707e-01
2.512396694214876214e-01
4.876033057851239527e-01
5.173553719008264773e-01
4.016528925619834434e-01
3.157024793388429895e-01
2.066115702479338900e-01
1.950413223140495811e-01
1.586776859504132331e-01
4.016528925619834434e-01
3.867768595041322088e-01
2.925619834710743716e-01
2.462809917355371914e-01
1.834710743801652999e-01
1.256198347107438107e-01
1.140495867768595017e-01
2.942148760330578483e-01
3.024793388429752317e-01
1.619834710743801587e-01
2.033057851239669367e-01
1.950413223140495811e-01
1.157024793388429784e-01
8.925619834710743494e-02
2.033057851239669367e-01
2.066115702479338900e-01
1.619834710743801587e-01
9.586776859504132775e-02
1.223140495867768573e-01
7.107438016528926095e-02
5.785123966942148921e-02
1.487603305785124008e-01
2.446280991735537147e-01
0.000000000000000000e+00
1.090909090909090856e-01
1.008264462809917300e-01
9.421487603305785108e-02
5.123966942148760334e-02
5.123966942148760334e-02
1.388429752066115686e-01
1.338842975206611663e-01
7.272727272727272374e-02
7.603305785123966321e-02
5.123966942148760334e-02
2.148760330578512387e-02
8.925619834710743494e-02
8.760330578512397215e-02
3.801652892561983160e-02
4.462809917355371747e-02
4.628099173553718720e-02
3.966942148760330827e-02
1.487603305785123974e-02
4.793388429752066388e-02
6.280991735537190535e-02
4.628099173553718720e-02
4.628099173553718720e-02
2.314049586776859360e-02
2.644628099173553654e-02
1.157024793388429680e-02
3.801652892561983160e-02
4.297520661157024774e-02
1.818181818181818094e-02
3.471074380165289214e-02
4.297520661157024774e-02
0.000000000000000000e+00
0.000000000000000000e+00
5.785123966942148921e-02
3.471074380165289214e-02
2.975206611570247947e-02
2.314049586776859360e-02
2.975206611570247947e-02
4.462809917355371747e-02
5.619834710743801948e-02
5.289256198347107307e-02
2.314049586776859360e-02
4.132231404958677801e-02
4.132231404958677801e-02
4.297520661157024774e-02
2.975206611570247947e-02
2.314049586776859360e-02
4.132231404958677801e-02
2.148760330578512387e-02
1.157024793388429680e-02
1.652892561983471120e-02
1.652892561983471120e-02
2.809917355371900974e-02
2.479338842975206680e-02
2.479338842975206680e-02
2.644628099173553654e-02
1.818181818181818094e-02
4.793388429752066388e-02
1.818181818181818094e-02
1.487603305785123974e-02
1.157024793388429680e-02
1.983471074380165414e-02
2.644628099173553654e-02
2.479338842975206680e-02
2.809917355371900974e-02
2.809917355371900974e-02
2.975206611570247947e-02
4.958677685950413534e-03
1.652892561983471034e-03
3.140495867768595267e-02
2.644628099173553654e-02
2.809917355371900974e-02
1.983471074380165414e-02
3.801652892561983160e-02
1.487603305785123974e-02
1.652892561983471034e-03
2.479338842975206680e-02
3.471074380165289214e-02
5.289256198347107307e-02
3.140495867768595267e-02
9.917355371900827068e-03
6.611570247933884134e-03
4.793388429752066388e-02
3.140495867768595267e-02
4.132231404958677801e-02
3.305785123966942241e-02
2.975206611570247947e-02
1.983471074380165414e-02
4.958677685950413534e-03
4.132231404958677801e-02
6.446280991735536814e-02
4.958677685950413361e-02
3.140495867768595267e-02
6.611570247933884481e-02
2.809917355371900974e-02
9.917355371900827068e-03
5.619834710743801948e-02
5.950413223140495894e-02
7.603305785123966321e-02
8.264462809917355601e-02
2.016528925619834600e-01
4.132231404958677801e-02
1.818181818181818094e-02
8.760330578512397215e-02
1.107438016528925623e-01
7.107438016528926095e-02
8.595041322314049548e-02
9.090909090909091161e-02
6.446280991735536814e-02
4.462809917355371747e-02
1.338842975206611663e-01
9.752066115702479054e-02
1.041322314049586834e-01
1.041322314049586834e-01
7.768595041322313988e-02
7.107438016528926095e-02
5.289256198347107307e-02
1.140495867768595017e-01
1.024793388429752067e-01
1.322314049586776896e-01
1.256198347107438107e-01
1.024793388429752067e-01
8.925619834710743494e-02
7.603305785123966321e-02
1.570247933884297564e-01
1.388429752066115686e-01
1.719008264462809910e-01
1.454545454545454475e-01
2.016528925619834600e-01
1.471074380165289242e-01
1.404958677685950452e-01
2.413223140495867891e-01
2.677685950413223326e-01
2.694214876033058093e-01
2.677685950413223326e-01
3.041322314049586528e-01
2.264462809917355268e-01
1.917355371900826555e-01
4.247933884297520613e-01
4.760330578512396715e-01
4.033057851239669200e-01
3.884297520661156855e-01
4.214876033057851079e-01
3.685950413223140765e-01
3.818181818181818343e-01
6.876033057851239638e-01
7.041322314049587305e-01
6.363636363636363535e-01
5.999999999999999778e-01
6.578512396694214948e-01
5.024793388429752428e-01
4.462809917355372025e-01
9.057851239669421073e-01
7.702479338842975753e-01
5.421487603305784608e-01
7.024793388429751984e-01
7.537190082644628086e-01
5.851239669421487433e-01
4.991735537190082894e-01
8.363636363636363091e-01
7.074380165289255729e-01
7.024793388429751984e-01
7.090909090909091050e-01
6.297520661157024469e-01
4.181818181818181546e-01
3.537190082644627864e-01
8.264462809917355601e-01
7.504132231404958553e-01
6.297520661157024469e-01
5.603305785123966487e-01
6.495867768595041669e-01
3.520661157024793653e-01
3.272727272727272707e-01
6.710743801652893081e-01
5.999999999999999778e-01
5.123966942148759918e-01
5.355371900826446652e-01
4.661157024793388670e-01
3.537190082644627864e-01
2.876033057851239416e-01
6.049586776859504633e-01
6.231404958677685402e-01
4.892561983471074294e-01
4.826446280991735782e-01
5.024793388429752428e-01
3.206611570247933640e-01
2.479338842975206680e-01
6.132231404958677912e-01
5.074380165289256173e-01
4.776859504132231482e-01
4.264462809917355379e-01
4.214876033057851079e-01
3.123966942148760362e-01
2.165289256198347223e-01
5.801652892561983688e-01
6.297520661157024469e-01
4.561983471074380070e-01
4.793388429752066249e-01
2.628099173553719026e-01
2.413223140495867891e-01
2.859504132231405205e-01
5.999999999999999778e-01
6.347107438016529324e-01
5.008264462809917106e-01
4.148760330578512567e-01
2.198347107438016479e-01
2.578512396694214726e-01
1.917355371900826555e-01
6.247933884297520724e-01
5.702479338842975087e-01
4.677685950413222882e-01
4.561983471074380070e-01
4.561983471074380070e-01
2.776859504132231371e-01
2.495867768595041447e-01
5.123966942148759918e-01
