0.000000000000000000e+00
0.000000000000000000e+00
0.000000000000000000e+00
0.000000000000000000e+00
0.000000000000000000e+00
0.000000000000000000e+00
0.000000000000000000e+00
0.000000000000000000e+00
8.000000000000000167e-03
0.000000000000000000e+00
0.000000000000000000e+00
0.000000000000000000e+00
0.000000000000000000e+00
0.000000000000000000e+00
0.000000000000000000e+00
0.000000000000000000e+00
0.000000000000000000e+00
0.000000000000000000e+00
8.000000000000000167e-03
0.000000000000000000e+00
0.000000000000000000e+00
0.000000000000000000e+00
8.000000000000000167e-03
0.000000000000000000e+00
0.000000000000000000e+00
0.000000000000000000e+00
0.000000000000000000e+00
8.000000000000000167e-03
8.000000000000000167e-03
0.000000000000000000e+00
8.000000000000000167e-03
2.400000000000000050e-02
3.200000000000000067e-02
1.600000000000000033e-02
1.600000000000000033e-02
3.200000000000000067e-02
5.600000000000000117e-02
4.800000000000000100e-02
4.800000000000000100e-02
5.600000000000000117e-02
4.800000000000000100e-02
4.800000000000000100e-02
1.280000000000000027e-01
8.799999999999999489e-02
4.800000000000000100e-02
1.360000000000000098e-01
1.920000000000000040e-01
1.920000000000000040e-01
8.799999999999999489e-02
1.120000000000000023e-01
2.000000000000000111e-01
1.839999999999999969e-01
2.079999999999999905e-01
1.680000000000000104e-01
2.240000000000000047e-01
2.879999999999999782e-01
2.879999999999999782e-01
3.840000000000000080e-01
2.399999999999999911e-01
3.519999999999999796e-01
4.000000000000000222e-01
5.200000000000000178e-01
5.360000000000000320e-01
4.079999999999999738e-01
3.679999999999999938e-01
6.159999999999999920e-01
6.879999999999999449e-01
6.480000000000000204e-01
4.719999999999999751e-01
5.839999999999999636e-01
5.679999999999999494e-01
6.879999999999999449e-01
7.199999999999999734e-01
5.759999999999999565e-01
6.720000000000000417e-01
6.079999999999999849e-01
6.800000000000000488e-01
6.480000000000000204e-01
7.920000000000000373e-01
7.920000000000000373e-01
8.239999999999999547e-01
8.800000000000000044e-01
8.159999999999999476e-01
9.439999999999999503e-01
9.200000000000000400e-01
8.559999999999999831e-01
7.439999999999999947e-01
1.000000000000000000e+00
8.000000000000000444e-01
8.159999999999999476e-01
8.559999999999999831e-01
8.239999999999999547e-01
8.080000000000000515e-01
7.199999999999999734e-01
7.920000000000000373e-01
6.879999999999999449e-01
6.640000000000000346e-01
9.120000000000000329e-01
8.479999999999999760e-01
6.560000000000000275e-01
8.319999999999999618e-01
8.159999999999999476e-01
7.920000000000000373e-01
8.239999999999999547e-01
7.600000000000000089e-01
8.239999999999999547e-01
7.680000000000000160e-01
7.840000000000000302e-01
8.479999999999999760e-01
8.559999999999999831e-01
8.800000000000000044e-01
7.359999999999999876e-01
5.440000000000000391e-01
8.159999999999999476e-01
7.680000000000000160e-01
6.800000000000000488e-01
6.640000000000000346e-01
4.799999999999999822e-01
6.560000000000000275e-01
5.120000000000000107e-01
5.040000000000000036e-01
4.400000000000000022e-01
3.920000000000000151e-01
5.280000000000000249e-01
5.839999999999999636e-01
4.400000000000000022e-01
3.760000000000000009e-01
5.280000000000000249e-01
5.759999999999999565e-01
4.480000000000000093e-01
4.560000000000000164e-01
5.440000000000000391e-01
4.560000000000000164e-01
5.120000000000000107e-01
5.440000000000000391e-01
3.760000000000000009e-01
4.159999999999999809e-01
3.200000000000000067e-01
4.239999999999999880e-01
5.120000000000000107e-01
3.840000000000000080e-01
4.879999999999999893e-01
5.360000000000000320e-01
4.159999999999999809e-01
4.239999999999999880e-01
4.560000000000000164e-01
4.079999999999999738e-01
3.760000000000000009e-01
4.159999999999999809e-01
2.640000000000000124e-01
3.920000000000000151e-01
3.119999999999999996e-01
4.480000000000000093e-01
4.000000000000000222e-01
3.439999999999999725e-01
3.519999999999999796e-01
2.640000000000000124e-01
4.319999999999999951e-01
3.280000000000000138e-01
2.959999999999999853e-01
3.760000000000000009e-01
3.920000000000000151e-01
4.079999999999999738e-01
4.319999999999999951e-01
3.039999999999999925e-01
3.920000000000000151e-01
4.959999999999999964e-01
2.399999999999999911e-01
3.360000000000000209e-01
3.119999999999999996e-01
3.280000000000000138e-01
3.200000000000000067e-01
3.200000000000000067e-01
3.280000000000000138e-01
2.959999999999999853e-01
3.039999999999999925e-01
3.439999999999999725e-01
3.200000000000000067e-01
3.679999999999999938e-01
2.800000000000000266e-01
3.200000000000000067e-01
3.679999999999999938e-01
3.280000000000000138e-01
4.079999999999999738e-01
3.280000000000000138e-01
2.720000000000000195e-01
3.519999999999999796e-01
3.840000000000000080e-01
3.360000000000000209e-01
3.599999999999999867e-01
4.159999999999999809e-01
3.439999999999999725e-01
3.200000000000000067e-01
3.360000000000000209e-01
3.439999999999999725e-01
3.280000000000000138e-01
3.119999999999999996e-01
2.959999999999999853e-01
3.280000000000000138e-01
3.119999999999999996e-01
3.840000000000000080e-01
3.360000000000000209e-01
3.119999999999999996e-01
2.959999999999999853e-01
3.439999999999999725e-01
2.720000000000000195e-01
3.200000000000000067e-01
2.879999999999999782e-01
2.479999999999999982e-01
2.479999999999999982e-01
2.560000000000000053e-01
3.599999999999999867e-01
3.840000000000000080e-01
2.640000000000000124e-01
3.119999999999999996e-01
2.959999999999999853e-01
3.360000000000000209e-01
2.800000000000000266e-01
4.079999999999999738e-01
2.720000000000000195e-01
2.320000000000000118e-01
3.039999999999999925e-01
3.200000000000000067e-01
2.959999999999999853e-01
4.000000000000000222e-01
3.119999999999999996e-01
2.159999999999999976e-01
3.039999999999999925e-01
2.479999999999999982e-01
3.119999999999999996e-01
3.039999999999999925e-01
3.039999999999999925e-01
2.879999999999999782e-01
2.000000000000000111e-01
1.120000000000000023e-01
8.000000000000000167e-02
5.600000000000000117e-02
