7.092198581560284166e-04
0.000000000000000000e+00
0.000000000000000000e+00
2.127659574468085141e-03
7.092198581560284166e-04
0.000000000000000000e+00
0.000000000000000000e+00
0.000000000000000000e+00
7.092198581560284166e-04
7.092198581560284166e-04
1.418439716312056833e-03
0.000000000000000000e+00
7.092198581560284166e-04
7.092198581560284166e-04
0.000000000000000000e+00
2.127659574468085141e-03
9.219858156028368223e-03
1.205673758865248232e-02
1.773049645390071052e-02
1.489361702127659642e-02
7.092198581560283516e-03
1.843971631205673645e-02
2.553191489361701996e-02
2.269503546099290933e-02
4.539007092198581866e-02
2.553191489361701996e-02
1.276595744680850998e-02
7.801418439716312041e-03
1.914893617021276584e-02
3.333333333333333287e-02
2.411347517730496465e-02
4.680851063829787051e-02
3.262411347517730348e-02
4.255319148936170109e-02
2.695035460992907875e-02
5.815602836879432691e-02
3.900709219858156107e-02
4.255319148936170109e-02
5.390070921985815749e-02
5.744680851063829752e-02
4.326241134751773049e-02
4.113475177304964231e-02
8.794326241134751976e-02
9.361702127659574102e-02
9.007092198581560794e-02
9.503546099290779980e-02
1.099290780141844032e-01
8.156028368794326910e-02
8.226950354609928462e-02
1.943262411347517760e-01
1.829787234042553057e-01
1.673758865248226868e-01
1.872340425531914820e-01
2.446808510638297796e-01
1.432624113475177430e-01
1.382978723404255372e-01
3.347517730496453736e-01
3.212765957446808707e-01
2.964539007092198419e-01
2.567375886524822515e-01
3.765957446808510523e-01
1.921985815602836878e-01
1.673758865248226868e-01
3.680851063829786995e-01
4.042553191489361430e-01
4.127659574468084958e-01
3.921985815602836989e-01
2.425531914893616914e-01
2.312056737588652489e-01
2.127659574468085124e-01
5.248226950354609732e-01
4.248226950354609954e-01
4.957446808510638236e-01
5.156028368794326466e-01
5.780141843971631221e-01
2.836879432624113684e-01
2.617021276595744572e-01
5.858156028368793899e-01
5.950354609929078276e-01
6.375886524822694801e-01
5.751773049645390046e-01
6.687943262411347733e-01
4.290780141843971718e-01
2.602836879432623984e-01
7.673758865248226924e-01
7.241134751773049549e-01
7.432624113475176930e-01
6.900709219858156551e-01
6.489361702127659504e-01
3.382978723404255206e-01
2.468085106382978677e-01
7.312056737588652489e-01
6.439716312056738001e-01
7.063829787234042756e-01
5.964539007092198863e-01
6.617021276595744794e-01
3.886524822695035519e-01
2.900709219858155774e-01
7.510638297872340718e-01
6.510638297872340940e-01
6.879432624113475114e-01
6.546099290780141855e-01
6.751773049645389824e-01
3.638297872340425787e-01
2.709219858156028393e-01
7.212765957446808374e-01
7.085106382978723083e-01
6.751773049645389824e-01
6.191489361702127159e-01
6.553191489361701594e-01
2.808510638297872508e-01
2.390070921985815722e-01
6.581560283687942770e-01
6.992907801418439817e-01
6.631205673758865382e-01
6.510638297872340940e-01
6.219858156028368334e-01
3.085106382978723416e-01
1.879432624113475114e-01
6.028368794326240954e-01
6.262411347517730098e-01
5.659574468085106780e-01
5.836879432624113573e-01
6.319148936170212449e-01
2.560283687943262221e-01
2.120567375886524830e-01
6.744680851063830085e-01
6.468085106382979177e-01
6.971631205673758380e-01
6.127659574468085069e-01
6.574468085106383031e-01
2.567375886524822515e-01
1.638297872340425398e-01
6.950354609929078054e-01
6.680851063829786884e-01
6.744680851063830085e-01
5.297872340425532345e-01
6.085106382978723305e-01
2.765957446808510745e-01
1.758865248226950395e-01
7.553191489361702482e-01
6.524822695035461528e-01
8.602836879432623762e-01
7.992907801418439595e-01
8.319148936170213116e-01
4.638297872340425565e-01
1.780141843971631277e-01
8.106382978723404298e-01
8.198581560283687564e-01
8.453900709219858145e-01
7.815602836879432802e-01
7.475177304964538694e-01
3.865248226950354637e-01
1.872340425531914820e-01
7.432624113475176930e-01
7.460992907801418106e-01
7.468085106382978955e-01
7.382978723404255428e-01
6.659574468085106558e-01
3.709219858156028171e-01
1.730496453900709219e-01
6.163120567375885983e-01
7.226950354609928961e-01
7.184397163120567198e-01
6.475177304964538916e-01
6.929078014184396617e-01
3.524822695035461084e-01
1.312056737588652433e-01
6.205673758865247747e-01
7.141843971631205434e-01
7.120567375886525108e-01
6.992907801418439817e-01
7.198581560283687786e-01
3.382978723404255206e-01
1.241134751773049633e-01
6.978723404255319229e-01
8.241134751773049327e-01
7.929078014184397505e-01
6.631205673758865382e-01
7.496453900709220131e-01
3.418439716312056675e-01
1.929078014184397172e-01
7.425531914893617191e-01
7.368794326241134840e-01
9.886524822695035297e-01
8.695035460992908138e-01
8.765957446808511078e-01
5.021276595744680327e-01
1.666666666666666574e-01
7.134751773049645696e-01
9.879432624113475558e-01
1.000000000000000000e+00
9.361702127659574657e-01
8.631205673758864938e-01
4.510638297872340274e-01
1.730496453900709219e-01
6.751773049645389824e-01
9.468085106382978511e-01
8.992907801418439373e-01
8.347517730496454291e-01
8.312056737588652267e-01
5.099290780141844115e-01
1.475177304964538916e-01
6.638297872340425121e-01
5.361702127659574435e-01
1.496453900709219798e-01
8.773049645390070816e-01
8.028368794326241620e-01
4.453900709219857923e-01
1.744680851063829807e-01
6.645390070921985970e-01
8.730496453900709053e-01
8.290780141843971940e-01
7.914893617021276917e-01
7.957446808510638681e-01
5.191489361702127381e-01
2.042553191489361597e-01
7.822695035460992541e-01
8.546099290780141411e-01
8.397163120567375794e-01
8.163120567375886649e-01
7.191489361702128047e-01
3.893617021276595813e-01
1.524822695035460973e-01
6.865248226950354526e-01
8.269503546099290503e-01
8.482269503546099321e-01
8.120567375886524886e-01
7.943262411347518093e-01
3.496453900709219909e-01
1.822695035460993040e-01
7.716312056737588687e-01
7.120567375886525108e-01
3.460992907801418439e-01
2.326241134751773076e-01
7.304964539007091640e-02
4.255319148936170283e-03
0.000000000000000000e+00
