0.000000000000000000e+00
0.000000000000000000e+00
0.000000000000000000e+00
0.000000000000000000e+00
9.276437847866419442e-04
0.000000000000000000e+00
0.000000000000000000e+00
9.276437847866419442e-04
9.276437847866419442e-04
1.855287569573283888e-03
0.000000000000000000e+00
0.000000000000000000e+00
0.000000000000000000e+00
1.855287569573283888e-03
9.276437847866419442e-04
2.782931354359925724e-03
1.855287569573283888e-03
2.782931354359925724e-03
1.113172541743970290e-02
3.710575139146567777e-03
9.276437847866419659e-03
6.493506493506493935e-03
6.493506493506493935e-03
6.493506493506493935e-03
2.319109461966604654e-02
2.319109461966604654e-02
6.493506493506493935e-03
4.638218923933209829e-03
1.762523191094619510e-02
2.875695732838590146e-02
2.597402597402597574e-02
3.710575139146567863e-02
4.359925788497216737e-02
2.968460111317254221e-02
1.948051948051948007e-02
5.194805194805195148e-02
3.339517625231910869e-02
4.823747680890538153e-02
4.916512059369201881e-02
4.916512059369201881e-02
3.153988868274582719e-02
4.174397031539888586e-02
8.812615955473097895e-02
6.957328385899815004e-02
8.627087198515770439e-02
6.307977736549165437e-02
8.812615955473097895e-02
7.328385899814471305e-02
7.977736549165120872e-02
1.558441558441558406e-01
1.512059369202226333e-01
1.781076066790352463e-01
1.864564007421150305e-01
1.549165120593692102e-01
1.521335807050092637e-01
1.493506493506493449e-01
2.551020408163265363e-01
2.690166975881261857e-01
2.411873840445269146e-01
2.569573283858997970e-01
3.014842300556586085e-01
1.985157699443413637e-01
2.068645640074211478e-01
3.552875695732838346e-01
3.367346938775510057e-01
3.070500927643785016e-01
2.922077922077921941e-01
2.699443413729127883e-01
2.254174397031539767e-01
2.439703153988868334e-01
4.768089053803339361e-01
3.413729128014842407e-01
3.395176252319109245e-01
4.248608534322820263e-01
4.174397031539888725e-01
2.588126159554731132e-01
2.458256029684601218e-01
5.714285714285713969e-01
5.324675324675324228e-01
5.491651205936920466e-01
5.157699443413729101e-01
5.853432282003711018e-01
3.525046382189239158e-01
3.079777365491651042e-01
6.651205936920222550e-01
5.556586270871984867e-01
6.233766233766233622e-01
6.474953617810760287e-01
6.697588126159554900e-01
3.098330241187384204e-01
3.469387755102040782e-01
7.597402597402597157e-01
6.632653061224489388e-01
7.254174397031539767e-01
6.586270871985158148e-01
6.734693877551020114e-01
3.831168831168831335e-01
3.200371057513914930e-01
8.070500927643784461e-01
7.653061224489795533e-01
8.831168831168830780e-01
7.606679035250464294e-01
7.745825602968460233e-01
3.914656771799628898e-01
4.035250463821892231e-01
1.000000000000000000e+00
8.487940630797773389e-01
8.534322820037105739e-01
7.105751391465676692e-01
7.022263450834879128e-01
3.617810760667903303e-01
3.617810760667903303e-01
8.283858998144711938e-01
8.135435992578849973e-01
7.337662337662337331e-01
7.068645640074211478e-01
7.087198515769944640e-01
3.608534322820037277e-01
2.523191094619666175e-01
7.142857142857143016e-01
6.243042671614099648e-01
6.614100185528757336e-01
5.593692022263451191e-01
6.567717996289424987e-01
2.764378478664192840e-01
2.653061224489796088e-01
7.847866419294990958e-01
5.936920222634508582e-01
7.866419294990723010e-01
6.317254174397031186e-01
6.437847866419295073e-01
3.209647495361780956e-01
2.513914656771799594e-01
6.938775510204081565e-01
6.150278293135436058e-01
6.289424860853431998e-01
4.897959183673469274e-01
6.576994434137291012e-01
2.606679035250463738e-01
2.282003710575139233e-01
6.985157699443413915e-01
5.983302411873840931e-01
7.133580705009276990e-01
6.057513914656771359e-01
6.150278293135436058e-01
2.820037105751391215e-01
2.736549165120593652e-01
7.820037105751391771e-01
7.745825602968460233e-01
7.235621521335806605e-01
5.667903525046382729e-01
6.011131725417440119e-01
2.643784786641929507e-01
1.892393320964749492e-01
6.818181818181817677e-01
5.936920222634508582e-01
6.382189239332096697e-01
5.899814471243042258e-01
5.612244897959183243e-01
2.792207792207792028e-01
2.142857142857142738e-01
6.688311688311687764e-01
6.233766233766233622e-01
6.085343228200370547e-01
5.343228200371057390e-01
5.612244897959183243e-01
2.393320964749536262e-01
1.901669758812616073e-01
6.447124304267161099e-01
5.417439703153988928e-01
5.231910946196660639e-01
5.037105751391465214e-01
4.675324675324675217e-01
2.430426716141001753e-01
1.502782931354360030e-01
5.547309833024118841e-01
5.361781076066790552e-01
4.369202226345083595e-01
4.517625231910946115e-01
4.888682745825602693e-01
2.059369202226345175e-01
1.883116883116883189e-01
5.194805194805194315e-01
5.231910946196660639e-01
4.703153988868274404e-01
5.500927643784786492e-01
4.990723562152133419e-01
2.022263450834879406e-01
1.391465677179963001e-01
5.825602968460111830e-01
5.417439703153988928e-01
6.057513914656771359e-01
5.092764378478664700e-01
5.157699443413729101e-01
2.198515769944341391e-01
1.465677179962894261e-01
5.909090909090909394e-01
5.797773654916511532e-01
4.888682745825602693e-01
5.445269016697588116e-01
4.907235621521335855e-01
2.096474953617810666e-01
1.697588126159554622e-01
5.742115027829313156e-01
3.126159554730983392e-01
1.502782931354360030e-01
4.740259740259740173e-01
5.556586270871984867e-01
1.855287569573283724e-01
1.781076066790352463e-01
5.176252319109462263e-01
4.332096474953617826e-01
4.313543599257885219e-01
4.109461966604823768e-01
4.591836734693877653e-01
1.892393320964749492e-01
1.391465677179963001e-01
4.638218923933209448e-01
4.211502782931354494e-01
3.979591836734693855e-01
3.766233766233766378e-01
3.525046382189239158e-01
1.502782931354360030e-01
1.196660482374768131e-01
3.144712430426715999e-01
3.209647495361780956e-01
3.525046382189239158e-01
3.014842300556586085e-01
2.912801484230055915e-01
1.530612244897959218e-01
1.048237476808905333e-01
2.755102040816326259e-01
2.309833024118738420e-01
9.647495361781076306e-02
9.461966604823747462e-02
5.102040816326530726e-02
1.855287569573283888e-03
0.000000000000000000e+00
