0.000000000000000000e+00
1.246727340730582141e-04
0.000000000000000000e+00
2.493454681461164282e-04
1.246727340730582141e-04
8.727091385114075801e-04
2.493454681461164282e-04
7.480364044383493389e-04
2.119436479241989992e-03
1.870091011095873293e-03
5.485600299214562180e-03
7.355691310310435473e-03
1.421269168432863668e-02
7.605036778456551738e-03
1.670614636578980280e-02
2.269043760129659665e-02
8.702156838299464348e-02
1.412542077047749534e-01
2.421144495698790700e-01
2.252836304700162051e-01
3.539458920334123126e-01
4.069318040144620507e-01
3.258945268669741768e-01
6.380750529859119391e-01
3.891036030420146896e-01
2.901134521880064931e-01
6.744794913352449850e-01
3.819972571998503930e-01
5.475626480488716696e-01
6.411918713377384726e-01
5.480613389851639594e-01
5.592818850517391471e-01
6.908116194988156433e-01
7.895524248846776949e-01
5.550430120932552391e-01
6.017952873706520212e-01
6.165066699912729042e-01
6.451813988280763468e-01
6.799650916344595064e-01
6.950504924572995513e-01
7.652412417404313993e-01
6.357062710385238402e-01
4.696421892532103293e-01
4.894651539708265719e-01
1.000000000000000000e+00
6.196234883430993268e-01
5.460665752399950224e-01
5.047999002618127617e-01
4.136641316544071856e-01
3.130532352574492139e-01
3.323775090387732223e-01
4.039396583967086451e-01
4.413414786186261041e-01
5.926941777833187874e-01
5.946889415284877245e-01
4.058097494078045098e-01
2.938536342101982224e-01
2.523376137638698169e-01
3.287619997506545100e-01
3.316294726343348986e-01
2.676723600548560067e-01
3.190375264929559695e-01
2.790175788555043224e-01
1.628225906994140437e-01
1.600797905498067553e-01
1.810248098740805389e-01
2.347587582595686284e-01
1.875077920458795566e-01
1.877571375140256738e-01
1.238000249345468096e-01
1.109587333250218188e-01
9.649669617254706677e-02
1.338985163944645396e-01
1.582096995387108906e-01
2.255329759381623222e-01
1.257947886797157466e-01
1.252960977434235124e-01
7.829447699788055770e-02
7.430494950754269745e-02
8.502680463782570641e-02
1.390100984914599269e-01
9.861613265178904852e-02
9.524996883181648111e-02
1.083406059094875890e-01
7.954120433861114337e-02
6.757262186759756262e-02
8.353073182894900361e-02
1.337738436603914671e-01
1.179404064331130847e-01
9.213315047999003082e-02
6.807131280388978301e-02
5.797282134397207382e-02
8.041391347712255333e-02
6.146365789801770674e-02
6.719860366537838692e-02
6.246103977060216833e-02
6.807131280388978301e-02
5.660142126916842958e-02
4.912105722478493641e-02
4.326143872335120460e-02
5.173918464031915937e-02
4.824834808627353339e-02
5.435731205585338233e-02
6.669991272908615265e-02
4.799900261812741625e-02
4.787432988405435769e-02
4.126667497818227448e-02
4.288742052113202891e-02
4.076798404189004021e-02
5.086647550180775634e-02
4.762498441590824055e-02
4.812367535220047482e-02
3.715247475377134873e-02
3.939658396708639598e-02
3.565640194489465287e-02
4.238872958483979464e-02
4.612891160703154469e-02
4.463283879815484190e-02
4.039396583967086451e-02
2.356314673980800314e-02
2.169305572871213159e-02
3.727714748784440729e-02
5.286123924697668647e-02
5.747413040767983955e-02
4.575489340481236900e-02
3.017080164568008982e-02
3.054481984789926552e-02
3.416032913601795007e-02
3.590574741304077000e-02
3.478369280638324290e-02
4.425882059593566620e-02
3.790051115820970012e-02
4.276274778705897034e-02
3.141752898641066855e-02
3.939658396708639598e-02
4.600423887295848613e-02
4.774965714998129912e-02
4.600423887295848613e-02
4.799900261812741625e-02
3.802518389228275869e-02
3.540705647674853573e-02
4.874703902256576765e-02
4.376012965964343887e-02
4.824834808627353339e-02
4.550554793666625186e-02
4.213938411669367751e-02
2.805136516643810113e-02
3.677845655155217303e-02
2.480987408053858534e-02
3.715247475377134873e-02
3.914723849894027885e-02
3.528238374267547717e-02
3.902256576486722028e-02
3.278892906121431278e-02
2.967211070938785555e-02
3.939658396708639598e-02
3.790051115820970012e-02
4.139134771225533305e-02
4.263807505298591177e-02
4.101732951003615735e-02
3.066949258197232409e-02
2.979678344346091412e-02
3.416032913601795007e-02
4.887171175663882622e-02
5.448198478992644089e-02
4.538087520259319330e-02
4.812367535220047482e-02
3.852387482857499296e-02
2.954743797531479699e-02
3.627976561525994570e-02
3.341229273157960561e-02
3.378631093379878131e-02
3.540705647674853573e-02
3.303827452936042991e-02
3.590574741304077000e-02
2.618127415534222610e-02
2.879940157087644906e-02
3.266425632714125421e-02
3.902256576486722028e-02
3.353696546565266418e-02
3.465902007231018433e-02
3.640443834933300427e-02
3.253958359306819564e-02
3.839920209450193439e-02
3.316294726343348848e-02
3.777583842413664156e-02
4.039396583967086451e-02
3.453434733823712577e-02
3.677845655155217303e-02
2.593192868719610897e-02
2.767734696421892543e-02
2.618127415534222610e-02
4.176536591447450181e-02
3.116818351826455488e-02
3.814985662635581726e-02
3.042014711382620695e-02
3.341229273157960561e-02
3.827452936042887582e-02
3.154220172048372711e-02
4.114200224410921591e-02
4.376012965964343887e-02
6.096496696172547247e-02
4.999376636329634638e-02
3.266425632714125421e-02
4.338611145742426317e-02
3.503303827452936003e-02
5.261189377883056933e-02
4.637825707517766183e-02
5.360927565141503787e-02
4.787432988405435769e-02
4.750031168183518199e-02
6.507916718613639129e-02
5.622740306694926082e-02
6.657523999501309409e-02
7.505298591198104885e-02
8.839296845779827383e-02
6.682458546315921122e-02
5.884553048248348378e-02
7.081411295349707147e-02
6.782196733574367975e-02
8.664755018077546778e-02
7.792045879566138200e-02
7.181149482608154000e-02
5.847151228026430808e-02
4.937040269293105355e-02
6.769729460167062118e-02
5.822216681211819095e-02
6.383243984540580562e-02
8.178531355192619756e-02
1.009849145991771613e-01
7.629971325271163451e-02
5.236254831068445220e-02
5.435731205585338233e-02
1.049744420895150215e-01
6.620122179279391839e-02
7.106345842164318860e-02
9.375389602293977831e-02
8.153596808378008043e-02
5.298591198104974503e-02
9.150978680962473799e-02
1.041017329510036116e-01
1.319037526492956025e-01
1.129534970701907559e-01
8.752025931928687774e-02
1.184390973694053051e-01
7.979054980675726050e-02
9.948884179030045849e-02
9.911482358808128279e-02
1.336491709263184224e-01
1.498566263558159806e-01
1.452437351951128275e-01
1.736691185637700974e-01
1.447450442588205932e-01
1.504799900261812873e-01
2.159331754145368543e-01
2.073307567634958271e-01
2.276524124174043040e-01
2.244109213315048090e-01
1.810248098740805389e-01
1.612018451564642685e-01
2.418651041017329528e-01
2.163071936167560161e-01
2.292731579603540792e-01
2.530856501683081961e-01
2.428624859743174214e-01
2.399950130906370882e-01
2.227901757885550338e-01
2.150604662760254304e-01
2.391223039521256644e-01
2.912355067946640341e-01
3.192868719611021144e-01
2.615633960852761231e-01
2.871213065702530876e-01
3.118065079167186004e-01
3.212816357062710515e-01
3.989527490337863025e-01
4.120433861114574103e-01
4.488218426630096181e-01
4.023189128537588699e-01
3.908490213190375373e-01
4.789926443086897079e-01
3.920957486597680952e-01
5.085400822840044910e-01
4.299962598179777884e-01
4.130407679840418789e-01
4.853509537464156809e-01
4.003241491085899328e-01
3.701533474629098430e-01
4.399700785438224737e-01
3.629223288866724739e-01
4.003241491085899328e-01
5.495574117940406067e-01
4.162822590699414294e-01
3.417279640942526009e-01
4.721356439346715006e-01
5.035531729210821483e-01
5.206333374890911303e-01
6.783443460915098422e-01
5.742426131405061751e-01
5.225034285001870504e-01
4.268794414661513659e-01
4.301209325520508608e-01
6.423139259443959581e-01
5.242488467772098426e-01
5.714998129908989144e-01
7.267173669118563994e-01
7.484104226405685623e-01
5.241241740431367147e-01
4.686448073806258607e-01
6.656277272160578962e-01
6.222416157586335705e-01
7.903004612891160185e-01
8.742052113202842811e-01
8.652287744670240643e-01
7.819473881062212195e-01
