0.000000000000000000e+00
0.000000000000000000e+00
0.000000000000000000e+00
0.000000000000000000e+00
0.000000000000000000e+00
0.000000000000000000e+00
0.000000000000000000e+00
0.000000000000000000e+00
0.000000000000000000e+00
0.000000000000000000e+00
0.000000000000000000e+00
0.000000000000000000e+00
8.190008190008190529e-04
3.276003276003276211e-03
1.638001638001638106e-03
3.276003276003276211e-03
1.146601146601146544e-02
4.914004914004913883e-03
1.883701883701883670e-02
1.719901719901719903e-02
3.603603603603603572e-02
2.948402948402948504e-02
6.142506142506142658e-02
8.190008190008189748e-02
8.599508599508599860e-02
1.023751023751023753e-01
2.170352170352170262e-01
1.359541359541359407e-01
1.728091728091728230e-01
2.235872235872235769e-01
3.054873054873054605e-01
2.489762489762489817e-01
4.062244062244061982e-01
4.692874692874692832e-01
3.480753480753480678e-01
9.918099918099918533e-01
6.339066339066339317e-01
6.633906633906634376e-01
6.617526617526617860e-01
5.995085995085994712e-01
6.167076167076167570e-01
5.847665847665847183e-01
5.307125307125306612e-01
6.232596232596232522e-01
5.806715806715806449e-01
4.447174447174447320e-01
1.425061425061425191e-01
1.048321048321048388e-01
1.000000000000000000e+00
3.619983619983619949e-01
3.595413595413595176e-01
3.652743652743652980e-01
3.292383292383292415e-01
3.218673218673218650e-01
3.210483210483210392e-01
2.784602784602784875e-01
2.743652743652743586e-01
3.153153153153153143e-01
3.202293202293202135e-01
1.736281736281736210e-01
9.991809991809991187e-02
7.371007371007370912e-02
3.521703521703521966e-01
1.056511056511056507e-01
1.138411138411138390e-01
2.244062244062244027e-01
1.212121212121212155e-01
5.651105651105651356e-02
9.336609336609336118e-02
9.172809172809172351e-02
1.040131040131040130e-01
1.416871416871416933e-01
6.470106470106469498e-02
7.289107289107289722e-02
5.569205569205569473e-02
8.108108108108108558e-02
1.171171171171171144e-01
6.879606879606879610e-02
6.388206388206388309e-02
3.767403767403767340e-02
5.651105651105651356e-02
6.388206388206388309e-02
4.258804258804258641e-02
6.224406224406224541e-02
3.521703521703521689e-02
4.504504504504504292e-02
4.013104013104012990e-02
4.176904176904176758e-02
5.323505323505323822e-02
2.538902538902538739e-02
4.832104832104831826e-02
3.276003276003276038e-02
3.439803439803439805e-02
3.112203112203112271e-02
5.241605241605241938e-02
2.293202293202293088e-02
2.620802620802620969e-02
2.375102375102374971e-02
2.702702702702702853e-02
3.276003276003276038e-02
3.276003276003276038e-02
2.620802620802620969e-02
4.176904176904176758e-02
2.620802620802620969e-02
2.211302211302211204e-02
1.801801801801801786e-02
1.556101556101556135e-02
2.129402129402129321e-02
2.293202293202293088e-02
3.030303030303030387e-02
7.371007371007371259e-03
2.784602784602784736e-02
3.521703521703521689e-02
1.719901719901719903e-02
1.719901719901719903e-02
1.474201474201474252e-02
3.030303030303030387e-02
1.638001638001638019e-02
2.211302211302211204e-02
8.190008190008190529e-04
5.118755118755118350e-01
6.552006552006552423e-03
1.556101556101556135e-02
1.392301392301392368e-02
1.638001638001638019e-02
2.538902538902538739e-02
9.009009009009008931e-03
1.474201474201474252e-02
4.914004914004913883e-03
1.883701883701883670e-02
1.638001638001638019e-02
9.009009009009008931e-03
4.095004095004095047e-03
3.276003276003276038e-02
1.064701064701064660e-02
1.392301392301392368e-02
1.392301392301392368e-02
4.914004914004913883e-03
9.009009009009008931e-03
1.064701064701064660e-02
8.190008190008190095e-03
1.064701064701064660e-02
3.276003276003276211e-03
2.866502866502866620e-02
1.638001638001638106e-03
9.009009009009008931e-03
7.371007371007371259e-03
1.146601146601146544e-02
5.733005733005732719e-03
4.095004095004095047e-03
1.146601146601146544e-02
4.914004914004913883e-03
4.095004095004095047e-03
4.095004095004095047e-03
7.371007371007371259e-03
4.914004914004913883e-03
5.733005733005732719e-03
4.332514332514332267e-01
3.276003276003276211e-03
6.552006552006552423e-03
4.095004095004095047e-03
4.914004914004913883e-03
4.914004914004913883e-03
8.190008190008190095e-03
6.552006552006552423e-03
4.095004095004095047e-03
4.914004914004913883e-03
5.733005733005732719e-03
4.914004914004913883e-03
6.552006552006552423e-03
8.190008190008190529e-04
-3.276003276003276211e-03
1.638001638001638106e-03
4.095004095004095047e-03
9.828009828009827767e-03
3.276003276003276211e-03
3.276003276003276211e-03
2.457002457002456942e-03
4.095004095004095047e-03
4.914004914004913883e-03
2.457002457002456942e-03
4.914004914004913883e-03
4.914004914004913883e-03
6.552006552006552423e-03
4.095004095004095047e-03
1.638001638001638106e-03
4.914004914004913883e-03
4.095004095004095047e-03
0.000000000000000000e+00
1.228501228501228427e-02
6.552006552006552423e-03
-2.457002457002456942e-03
0.000000000000000000e+00
-1.638001638001638106e-03
3.276003276003276211e-03
0.000000000000000000e+00
5.733005733005732719e-03
6.552006552006552423e-03
3.276003276003276211e-03
4.095004095004095047e-03
6.552006552006552423e-03
-3.276003276003276211e-03
4.914004914004913883e-03
4.095004095004095047e-03
-1.638001638001638106e-03
0.000000000000000000e+00
4.095004095004095047e-03
5.733005733005732719e-03
2.457002457002456942e-03
4.914004914004913883e-03
7.371007371007371259e-03
3.276003276003276211e-03
7.371007371007371259e-03
4.914004914004913883e-03
1.392301392301392368e-02
-1.638001638001638106e-03
6.552006552006552423e-03
7.371007371007371259e-03
4.095004095004095047e-03
5.733005733005732719e-03
8.190008190008190529e-04
4.095004095004095047e-03
2.457002457002456942e-03
8.190008190008190529e-04
5.733005733005732719e-03
4.095004095004095047e-03
8.190008190008190095e-03
8.190008190008190095e-03
0.000000000000000000e+00
8.190008190008190095e-03
8.190008190008190095e-03
7.371007371007371259e-03
0.000000000000000000e+00
4.095004095004095047e-03
4.914004914004913883e-03
6.552006552006552423e-03
0.000000000000000000e+00
3.276003276003276211e-03
1.638001638001638106e-03
7.371007371007371259e-03
1.638001638001638106e-03
7.371007371007371259e-03
5.733005733005732719e-03
4.095004095004095047e-03
9.828009828009827767e-03
3.276003276003276211e-03
3.276003276003276211e-03
1.064701064701064660e-02
1.064701064701064660e-02
5.733005733005732719e-03
4.914004914004913883e-03
1.146601146601146544e-02
9.009009009009008931e-03
1.638001638001638106e-03
7.371007371007371259e-03
2.457002457002456942e-03
7.371007371007371259e-03
8.190008190008190095e-03
4.914004914004913883e-03
9.828009828009827767e-03
8.190008190008190095e-03
2.457002457002456942e-03
1.474201474201474252e-02
1.719901719901719903e-02
1.146601146601146544e-02
3.276003276003276211e-03
9.828009828009827767e-03
1.638001638001638106e-03
8.190008190008190095e-03
9.009009009009008931e-03
1.146601146601146544e-02
4.095004095004095047e-03
6.552006552006552423e-03
4.914004914004913883e-03
1.064701064701064660e-02
8.190008190008190095e-03
6.552006552006552423e-03
1.474201474201474252e-02
1.883701883701883670e-02
1.556101556101556135e-02
1.801801801801801786e-02
2.375102375102374971e-02
-4.095004095004095047e-03
8.190008190008190095e-03
2.375102375102374971e-02
1.392301392301392368e-02
2.784602784602784736e-02
2.047502047502047437e-02
2.866502866502866620e-02
1.392301392301392368e-02
2.866502866502866620e-02
3.194103194103194154e-02
2.047502047502047437e-02
1.638001638001638019e-02
3.112203112203112271e-02
2.702702702702702853e-02
1.801801801801801786e-02
4.258804258804258641e-02
3.849303849303849223e-02
3.439803439803439805e-02
3.439803439803439805e-02
2.866502866502866620e-02
3.849303849303849223e-02
3.603603603603603572e-02
3.685503685503685456e-02
3.439803439803439805e-02
2.047502047502047437e-02
2.702702702702702853e-02
3.276003276003276038e-02
2.047502047502047437e-02
4.340704340704340525e-02
4.422604422604422408e-02
3.030303030303030387e-02
4.258804258804258641e-02
4.668304668304668059e-02
