0.000000000000000000e+00
0.000000000000000000e+00
0.000000000000000000e+00
5.747126436781609116e-03
5.747126436781609116e-03
5.747126436781609116e-03
0.000000000000000000e+00
5.747126436781609116e-03
0.000000000000000000e+00
0.000000000000000000e+00
0.000000000000000000e+00
0.000000000000000000e+00
0.000000000000000000e+00
0.000000000000000000e+00
5.747126436781609116e-03
5.747126436781609116e-03
5.747126436781609116e-03
1.149425287356321823e-02
1.724137931034482735e-02
5.747126436781609116e-03
0.000000000000000000e+00
1.724137931034482735e-02
5.747126436781609116e-03
5.747126436781609116e-02
3.448275862068965469e-02
2.873563218390804558e-02
2.298850574712643646e-02
1.149425287356321823e-02
3.448275862068965469e-02
5.747126436781609116e-03
3.448275862068965469e-02
5.747126436781609116e-03
2.873563218390804558e-02
3.448275862068965469e-02
4.022988505747126381e-02
2.873563218390804558e-02
5.172413793103448204e-02
1.724137931034482735e-02
1.724137931034482735e-02
3.448275862068965469e-02
1.724137931034482735e-02
4.022988505747126381e-02
5.172413793103448204e-02
2.873563218390804558e-02
3.448275862068965469e-02
4.022988505747126381e-02
4.597701149425287293e-02
5.172413793103448204e-02
7.471264367816092544e-02
6.321839080459770721e-02
6.896551724137930939e-02
9.770114942528736190e-02
1.379310344827586188e-01
9.195402298850574585e-02
1.666666666666666574e-01
1.494252873563218509e-01
1.034482758620689641e-01
1.666666666666666574e-01
2.126436781609195303e-01
1.954022988505747238e-01
2.183908045977011603e-01
2.931034482758620441e-01
2.701149425287356354e-01
3.965517241379310498e-01
3.678160919540229834e-01
4.137931034482758563e-01
4.022988505747126520e-01
4.482758620689655249e-01
5.574712643678161328e-01
6.609195402298850830e-01
5.287356321839080664e-01
6.149425287356321546e-01
7.126436781609195581e-01
6.896551724137931494e-01
6.896551724137931494e-01
7.816091954022988952e-01
6.896551724137931494e-01
8.275862068965517127e-01
7.701149425287355799e-01
8.333333333333333703e-01
8.275862068965517127e-01
8.275862068965517127e-01
9.080459770114942541e-01
8.390804597701149170e-01
7.873563218390804419e-01
9.367816091954023205e-01
9.022988505747125965e-01
9.137931034482759118e-01
8.448275862068965747e-01
1.000000000000000000e+00
7.931034482758620996e-01
8.390804597701149170e-01
9.712643678160919336e-01
8.908045977011493921e-01
6.264367816091953589e-01
8.160919540229885083e-01
6.839080459770114917e-01
7.011494252873563537e-01
6.436781609195402210e-01
6.724137931034482873e-01
5.862068965517240882e-01
6.321839080459770166e-01
5.977011494252874035e-01
5.689655172413793371e-01
5.804597701149425415e-01
4.827586206896551935e-01
5.862068965517240882e-01
4.827586206896551935e-01
5.517241379310344751e-01
5.172413793103448620e-01
4.482758620689655249e-01
3.850574712643677899e-01
4.540229885057471271e-01
5.000000000000000000e-01
4.655172413793103314e-01
4.597701149425287293e-01
3.505747126436781769e-01
3.563218390804597790e-01
3.045977011494253039e-01
4.252873563218390607e-01
3.333333333333333148e-01
3.333333333333333148e-01
4.137931034482758563e-01
2.816091954022988397e-01
2.528735632183908288e-01
2.643678160919540332e-01
2.701149425287356354e-01
3.390804597701149170e-01
2.528735632183908288e-01
2.011494252873563260e-01
2.758620689655172376e-01
2.183908045977011603e-01
2.011494252873563260e-01
2.931034482758620441e-01
2.241379310344827624e-01
2.873563218390804419e-01
2.068965517241379282e-01
2.413793103448275967e-01
2.701149425287356354e-01
1.724137931034482873e-01
2.011494252873563260e-01
1.896551724137930939e-01
2.011494252873563260e-01
1.494252873563218509e-01
1.781609195402298895e-01
1.551724137931034531e-01
1.034482758620689641e-01
1.321839080459770166e-01
1.666666666666666574e-01
1.609195402298850552e-01
1.609195402298850552e-01
1.781609195402298895e-01
1.724137931034482873e-01
1.264367816091954144e-01
1.954022988505747238e-01
1.436781609195402210e-01
1.954022988505747238e-01
1.839080459770114917e-01
2.298850574712643646e-01
1.494252873563218509e-01
1.321839080459770166e-01
1.954022988505747238e-01
1.494252873563218509e-01
1.609195402298850552e-01
1.206896551724137984e-01
1.494252873563218509e-01
1.379310344827586188e-01
1.724137931034482873e-01
1.609195402298850552e-01
1.781609195402298895e-01
1.724137931034482873e-01
1.551724137931034531e-01
1.206896551724137984e-01
1.494252873563218509e-01
9.770114942528736190e-02
1.379310344827586188e-01
1.091954022988505801e-01
8.620689655172414367e-02
2.011494252873563260e-01
1.494252873563218509e-01
9.195402298850574585e-02
9.195402298850574585e-02
1.379310344827586188e-01
1.379310344827586188e-01
1.149425287356321823e-01
5.172413793103448204e-02
1.494252873563218509e-01
1.436781609195402210e-01
1.091954022988505801e-01
1.321839080459770166e-01
1.494252873563218509e-01
1.494252873563218509e-01
1.321839080459770166e-01
1.666666666666666574e-01
9.195402298850574585e-02
6.896551724137930939e-02
1.149425287356321823e-01
1.839080459770114917e-01
1.264367816091954144e-01
1.149425287356321823e-01
1.609195402298850552e-01
1.379310344827586188e-01
8.620689655172414367e-02
1.379310344827586188e-01
1.264367816091954144e-01
1.206896551724137984e-01
1.321839080459770166e-01
9.770114942528736190e-02
1.034482758620689641e-01
9.770114942528736190e-02
9.195402298850574585e-02
7.471264367816092544e-02
8.620689655172414367e-02
1.206896551724137984e-01
1.379310344827586188e-01
9.770114942528736190e-02
6.896551724137930939e-02
1.091954022988505801e-01
1.551724137931034531e-01
8.620689655172414367e-02
9.770114942528736190e-02
1.149425287356321823e-01
6.321839080459770721e-02
9.195402298850574585e-02
1.206896551724137984e-01
5.747126436781609116e-02
1.264367816091954144e-01
1.206896551724137984e-01
1.091954022988505801e-01
1.149425287356321823e-01
1.091954022988505801e-01
7.471264367816092544e-02
9.770114942528736190e-02
9.195402298850574585e-02
1.321839080459770166e-01
1.206896551724137984e-01
1.264367816091954144e-01
6.896551724137930939e-02
7.471264367816092544e-02
7.471264367816092544e-02
9.195402298850574585e-02
6.896551724137930939e-02
9.195402298850574585e-02
6.896551724137930939e-02
1.091954022988505801e-01
9.770114942528736190e-02
6.896551724137930939e-02
9.195402298850574585e-02
8.620689655172414367e-02
1.206896551724137984e-01
2.298850574712643646e-02
1.091954022988505801e-01
1.149425287356321823e-01
8.045977011494252762e-02
6.321839080459770721e-02
1.034482758620689641e-01
9.195402298850574585e-02
4.597701149425287293e-02
1.034482758620689641e-01
7.471264367816092544e-02
5.172413793103448204e-02
1.034482758620689641e-01
8.620689655172414367e-02
6.321839080459770721e-02
8.045977011494252762e-02
1.034482758620689641e-01
9.195402298850574585e-02
8.620689655172414367e-02
1.034482758620689641e-01
8.045977011494252762e-02
9.195402298850574585e-02
4.022988505747126381e-02
5.747126436781609116e-02
8.620689655172414367e-02
1.091954022988505801e-01
1.264367816091954144e-01
8.045977011494252762e-02
5.747126436781609116e-02
6.321839080459770721e-02
1.091954022988505801e-01
8.620689655172414367e-02
1.091954022988505801e-01
8.620689655172414367e-02
1.264367816091954144e-01
1.264367816091954144e-01
9.195402298850574585e-02
4.597701149425287293e-02
7.471264367816092544e-02
4.597701149425287293e-02
1.149425287356321823e-02
