0.000000000000000000e+00
1.770851779706038602e-04
1.770851779706038602e-04
1.770851779706038602e-04
1.770851779706038602e-04
3.541703559412077203e-04
5.312555339118115805e-04
1.770851779706038602e-04
7.083407118824154407e-04
1.593766601735434850e-03
1.062511067823623161e-03
1.947936957676642570e-03
2.479192491588454259e-03
1.221887727997166689e-02
5.135470161147511620e-03
3.895873915353285141e-03
1.292721799185408103e-02
1.009385514432441927e-02
9.739684788383213068e-03
8.854258898530193225e-03
8.854258898530193225e-03
1.434389941561891278e-02
2.514609527182574966e-02
1.133345139011864705e-02
3.400035417035594115e-02
2.585443598370816207e-02
1.469806977156012072e-02
2.266690278023729410e-02
2.213564724632548220e-02
1.788560297503099042e-02
2.036479546661944251e-02
1.877102886488401026e-02
3.807331326367983243e-02
2.567735080573755810e-02
2.514609527182574966e-02
1.877102886488401026e-02
3.506286523817956496e-02
5.029219054365149932e-02
6.392774924738799103e-02
4.515672038250398423e-02
2.673986187356118191e-02
3.612537630600318878e-02
5.011510536568089536e-02
4.391712413670975645e-02
6.162564193377014637e-02
4.126084646715069693e-02
4.905259429785727154e-02
3.346909863644412925e-02
4.639631662829821201e-02
2.567735080573755810e-02
5.224012750132813604e-02
6.215689746768195828e-02
5.790685319638746303e-02
7.154241190012396168e-02
5.861519390826987891e-02
6.410483442535859500e-02
7.827164866300691248e-02
1.043031698246856681e-01
1.303346909863644376e-01
1.577828935718080527e-01
2.027625287763414330e-01
1.761997520807508377e-01
1.544182751903665773e-01
2.087834248273419402e-01
1.549495307242783892e-01
2.206481317513724061e-01
2.038250398441650568e-01
1.731893040552505703e-01
2.472109084469630014e-01
1.707101115636621147e-01
2.465025677350805855e-01
3.995041615016823311e-01
3.986187356118293112e-01
3.647954666194439532e-01
2.688153001593766578e-01
3.346909863644412786e-01
3.129095094740570460e-01
5.560474588276961283e-01
6.353816185585267062e-01
6.130688861342306062e-01
6.568089250929697309e-01
5.399327076323712227e-01
5.569328847175490926e-01
7.766955905790685621e-01
5.941207720913759260e-01
6.598193731184699429e-01
6.913405347972374493e-01
5.303701080219586084e-01
5.916415795997874705e-01
7.531432619089781788e-01
8.384983176908092917e-01
5.232867009031344496e-01
7.078094563485036739e-01
6.550380733132636912e-01
5.624225252346378712e-01
7.310076146626527382e-01
9.328847175491411514e-01
6.506109438639985365e-01
5.294846821321055330e-01
8.181335222241898908e-01
7.772268461129803185e-01
9.844165043385868508e-01
8.955197449973437696e-01
1.000000000000000000e+00
6.874446608818841620e-01
7.122365857977687176e-01
6.267044448379670563e-01
5.349743226491943116e-01
7.828935718080396455e-01
6.380378962280857102e-01
6.709757393306180484e-01
5.358597485390472759e-01
4.372233044094209209e-01
4.161501682309190486e-01
5.374535151407827671e-01
4.632548255710997043e-01
5.236408712590756576e-01
4.549318222064813177e-01
4.441296263502744757e-01
3.993270763237117271e-01
2.330440942093146839e-01
2.395962457942270307e-01
3.669204887550912009e-01
3.959624579422702517e-01
3.683371701788560326e-01
2.918363732955551737e-01
2.328670090313440799e-01
1.747830706569860060e-01
2.987426952364087285e-01
2.700548964051708856e-01
2.353462015229325355e-01
2.941384806091730253e-01
2.534088896759341125e-01
1.530015937666017456e-01
1.221887727997166689e-01
2.112626173189303957e-01
2.658048521338763903e-01
1.923145032760757989e-01
1.466265273596600027e-01
1.708871967416327187e-01
1.213033469098636491e-01
1.264388170710111503e-01
1.793872852842217092e-01
1.887727997166637195e-01
1.568974676819550329e-01
1.420223127324242995e-01
1.615016823091907083e-01
1.165220471046573419e-01
1.170533026385691538e-01
1.211262617318930451e-01
1.460952718257481908e-01
1.365326722153355765e-01
1.368868425712767845e-01
1.216575172658048570e-01
8.801133345139011688e-02
1.175845581724809658e-01
1.243137949353639166e-01
1.289180095625996059e-01
1.239596245794227086e-01
1.230741986895696888e-01
1.046573401806268760e-01
7.897998937488932836e-02
8.199043740038958195e-02
1.067823623162741237e-01
1.352930759695413487e-01
9.279263325659642403e-02
1.149282805029219062e-01
8.748007791747830497e-02
6.003187533203471066e-02
5.702142730653444319e-02
1.053656808925092919e-01
9.633433681600850340e-02
1.110324065875686189e-01
9.792810341774393912e-02
9.013635558703736450e-02
8.021958562068354226e-02
6.321940853550557515e-02
8.287586329024260179e-02
9.580308128209669150e-02
9.899061448556756293e-02
1.135115990791570745e-01
8.535505578183105735e-02
7.508411545953604105e-02
8.234460775633078988e-02
9.314680361253763197e-02
1.007614662652736026e-01
1.014698069771560185e-01
1.096157251638037872e-01
8.429254471400743354e-02
6.197981228971135431e-02
9.084469629891978038e-02
8.305294846821320576e-02
7.207366743403577358e-02
9.527182574818487959e-02
8.500088542588984941e-02
8.199043740038958195e-02
5.702142730653444319e-02
6.676111209491765452e-02
8.075084115459535417e-02
6.782362316274127834e-02
7.384451921374181327e-02
8.021958562068354226e-02
3.506286523817956496e-02
3.948999468744466418e-02
5.879227908624048288e-02
7.101115636621214977e-02
7.685496723924208073e-02
8.871967416327253275e-02
7.384451921374181327e-02
7.614662652735966486e-02
5.241721267929874001e-02
8.252169293430139385e-02
7.384451921374181327e-02
8.287586329024260179e-02
5.684434212856383922e-02
6.321940853550557515e-02
6.428191960332919896e-02
4.285461306888613264e-02
5.082344607756331123e-02
5.454223481494598763e-02
7.508411545953604105e-02
5.950061979812289875e-02
6.534443067115282278e-02
5.525057552682840351e-02
4.728174251815123186e-02
4.444837967062156836e-02
4.196918717903311280e-02
6.782362316274127834e-02
6.569860102709403071e-02
6.622985656100584262e-02
6.870904905259429818e-02
4.303169824685673661e-02
4.391712413670975645e-02
6.251106782362315928e-02
6.038604568797591859e-02
6.321940853550557515e-02
6.074021604391712653e-02
5.914644944218169081e-02
2.496901009385514569e-02
4.356295378076854852e-02
5.914644944218169081e-02
5.100053125553391520e-02
7.101115636621214977e-02
5.489640517088719557e-02
5.347972374712236382e-02
3.736497255179741656e-02
3.169824685673808956e-02
6.127147157782893844e-02
6.516734549318221881e-02
5.241721267929874001e-02
5.684434212856383922e-02
4.285461306888613264e-02
3.240658756862050544e-02
2.762528776341420175e-02
5.277138303523994795e-02
4.763591287409243979e-02
5.525057552682840351e-02
6.197981228971135431e-02
4.497963520453338027e-02
2.744820258544359778e-02
3.683371701788560465e-02
5.471931999291659160e-02
5.613600141668142335e-02
6.003187533203471066e-02
5.117761643350451223e-02
5.649017177262263129e-02
3.630246148397379274e-02
4.214627235700371677e-02
4.958384983176908345e-02
5.861519390826987891e-02
7.437577474765362517e-02
6.091730122188773050e-02
5.347972374712236382e-02
3.435452452629714909e-02
4.887550911988666758e-02
