4.178195388098453547e-03
1.630952953960796911e-02
6.492065795916481148e-03
-7.167528146572036893e-03
-1.007029071112642421e-02
2.439949031545813121e-03
-3.643133787740262565e-03
-2.827957186881409346e-02
6.770370337169901755e-03
3.095563800518500927e-02
3.968064889170740822e-02
-2.030009027801171761e-02
-4.420025664485919582e-03
2.193283356303375731e-02
3.961512855884066070e-02
4.620583428792838197e-03
3.000241311189797908e-02
-6.404100318828550610e-03
4.045191469025001541e-02
4.868398614233676591e-02
-4.175406866694366878e-03
5.413507503821501574e-03
5.021527416634903596e-02
8.659176007569543976e-02
1.959365110101260812e-02
1.199085387574348044e-02
8.715964662661705720e-02
4.632844978331637602e-03
5.567455641649220188e-02
3.768605450727119388e-02
4.838219769754149163e-02
4.586382851040465142e-02
3.667427131905481169e-02
1.400369174738762615e-02
8.702733955747098127e-02
-7.290692533447233961e-03
4.907613729415359616e-02
6.151986509628625671e-02
4.220062629561828482e-02
8.031563787466987347e-02
3.930156926491887998e-02
3.178533034732056173e-02
4.876327011630753050e-02
5.307468959089752664e-02
9.057225841922893206e-02
8.261676409444079772e-02
4.264644202531201606e-02
2.835053379967095166e-02
1.043765961318070951e-01
7.938227639297641691e-02
8.189237454403172634e-02
1.055068616472660398e-01
1.596192881243434225e-01
9.906889853256059530e-02
1.341166081989798309e-01
1.863918148834015909e-01
1.495057272276581473e-01
1.960836977802658532e-01
2.342589581869217730e-01
2.519917384665634197e-01
2.327645919126693497e-01
2.870080026590341449e-01
2.816814633905957987e-01
3.577012086679556835e-01
3.755731527161890737e-01
4.031780218038108488e-01
4.470858477846663126e-01
4.619787359812719263e-01
5.592400767012495333e-01
5.913702958914014429e-01
5.311250676932066650e-01
6.421899458885902412e-01
7.326788093061746832e-01
6.808145059562380474e-01
7.489570864990717780e-01
8.088041077043403027e-01
6.836020346267439596e-01
8.000576943461114032e-01
8.287027036622608422e-01
8.946361479873248257e-01
8.152294728966265058e-01
8.556543332331494334e-01
9.240079529615816689e-01
8.683076186312416178e-01
8.773533005142302166e-01
1.000000000000000000e+00
9.508209469771419231e-01
9.523856905109782112e-01
9.644579092578347002e-01
9.865381478377427404e-01
9.301990213056198220e-01
8.768275692968041657e-01
9.819114794416201608e-01
9.479605284384846620e-01
7.879603299064004140e-01
8.852560469971626489e-01
7.705623838701542994e-01
7.825715198000273709e-01
7.696459523302866534e-01
7.399201489271841625e-01
7.009050703248607128e-01
7.104333298730562962e-01
6.939372148862428258e-01
6.856862715655667184e-01
6.745722859660201465e-01
6.413144565948536435e-01
6.406370154954940110e-01
6.341504751167149623e-01
6.569167761507707093e-01
6.656423129460230514e-01
5.756443510850645096e-01
5.354686667720544024e-01
5.884470676591023741e-01
5.740241804010403071e-01
5.489022486496369924e-01
5.772266028749809541e-01
4.968186159846080252e-01
5.030366955456770928e-01
4.762962930062162870e-01
4.933227293334466745e-01
4.720389191213386626e-01
4.367340238646953976e-01
4.980203033283365777e-01
4.282505790404933510e-01
4.033618657827631182e-01
3.573054406179966835e-01
3.797036491095363564e-01
4.342692881732770349e-01
4.043381139778249311e-01
3.305066999175359510e-01
4.005203689336546691e-01
3.637660391732420728e-01
3.450871669101258088e-01
4.106057260739301440e-01
3.954325399269769670e-01
3.855597703253508812e-01
3.557222105074015484e-01
3.718263951016128610e-01
4.361034228065120977e-01
3.155913266537480610e-01
3.048649760535767084e-01
3.502652828003464669e-01
3.164058034292154264e-01
2.790116351507923587e-01
3.369101760289977543e-01
2.462947377847779507e-01
2.383510672552819065e-01
2.237964009099862039e-01
3.073465723596059962e-01
2.715853570813985818e-01
2.544958513024712099e-01
3.241820429916520974e-01
2.804919299680879163e-01
2.728617344048908100e-01
2.971182498135611638e-01
2.977244501178257785e-01
3.356370729245707896e-01
3.234766713413548267e-01
3.323448379652764739e-01
2.564935135030745328e-01
2.489650159654365202e-01
2.839049534672290487e-01
2.998097651955459741e-01
2.787585918474712043e-01
2.995789354669873283e-01
2.500100652291246117e-01
2.209183502903639962e-01
2.584810831400085052e-01
3.457354595025413646e-01
2.479430652243965194e-01
2.324795531426471495e-01
3.251625699010121107e-01
2.585537884355740834e-01
2.805715356936742677e-01
2.435865880381716531e-01
2.634231805525653058e-01
2.617314593895828101e-01
2.130295768528057687e-01
3.218496696383813527e-01
2.660190851579433691e-01
2.090913178080744395e-01
2.562341953674551198e-01
2.576699878837425128e-01
2.740508020484279661e-01
2.524034579070537632e-01
2.654762562247866553e-01
3.026430379179381736e-01
2.554634684912222009e-01
2.389816820469623238e-01
2.473455471913276749e-01
2.182848474864431954e-01
2.787184261616406644e-01
2.599822588786200317e-01
2.797151796008698899e-01
2.069564244474829395e-01
1.827255613708430593e-01
2.311664560583316930e-01
2.989398776179236217e-01
2.705265875483642279e-01
2.357272141353011219e-01
2.686716404388334589e-01
2.504137430068405501e-01
2.451921356498261151e-01
2.662112516279602770e-01
2.655759870759956676e-01
2.772381645660403904e-01
2.259462607230280362e-01
2.541203323222334109e-01
2.355393101662986710e-01
2.291824248640663975e-01
2.248146865603697919e-01
2.168027995517552153e-01
2.262587721443313771e-01
2.765499034394362510e-01
2.391419856010236489e-01
2.109490697935382242e-01
2.249129059602292813e-01
2.668320594380013677e-01
2.488214633863920500e-01
2.320444165544732762e-01
2.542071654443116002e-01
2.463991765184571359e-01
2.436042426878177181e-01
2.226222871151510019e-01
2.068881184749334912e-01
1.617781005083841206e-01
2.243015315800440113e-01
2.860643556807168641e-01
1.759736777635608207e-01
1.737186777707979135e-01
1.816723255484257726e-01
2.098584757947151158e-01
2.100253579847974061e-01
1.869770281629359876e-01
2.593585046353125700e-01
2.097929516687818130e-01
1.777651616971936688e-01
2.109138015604707928e-01
1.885529629139400809e-01
2.122348170171036164e-01
2.132685775073204226e-01
1.870939557926891428e-01
2.137450407967403099e-01
1.542042652032736549e-01
2.094494141907808360e-01
1.701024711483266061e-01
1.647107093910527009e-01
2.115673072866461890e-01
1.874386258091493840e-01
1.965838154057880094e-01
1.516396897073333527e-01
1.815306563118461169e-01
2.235119337299885933e-01
1.520314572872306924e-01
1.559673293104950620e-01
1.696044330198326344e-01
2.007433650936996106e-01
1.318181610210219790e-01
