1.931002202365484088e-01
1.582796199912638035e-01
1.117830074138380647e-01
6.451119322825495106e-02
1.632552430510214245e-02
-1.595584196319456069e-02
-1.894069295921853649e-02
-1.456213797141432502e-02
-1.879830439795642308e-02
-2.230040621622181654e-02
-2.206579217004689397e-02
-2.172669748614821164e-02
-4.157399893569753771e-03
3.902864189694934399e-02
8.916253197952671294e-02
1.330493980835874002e-01
1.777724191860254876e-01
2.244009598846616049e-01
2.703706043451610253e-01
3.296406117642515232e-01
4.101346065476992320e-01
4.890319398724610189e-01
5.530025832528860930e-01
6.131450105166423858e-01
6.663530131502733989e-01
7.112617227851218971e-01
7.622605298514761873e-01
8.276177360037259012e-01
8.838685153737589895e-01
9.181351842571425781e-01
9.419707849246919951e-01
9.586128339360937556e-01
9.613894683792409968e-01
9.686148389766300326e-01
9.898990185747378323e-01
1.000000000000000000e+00
9.889694162821294210e-01
9.703663967703658466e-01
9.491484282322597554e-01
9.180424963978447428e-01
8.952834485337476389e-01
8.890248980456820771e-01
8.792158337979565363e-01
8.515565191855644089e-01
8.189461390022845233e-01
7.848271080120721166e-01
7.441882013556433417e-01
7.115563626259137076e-01
6.965284267836177046e-01
6.760026841589834579e-01
6.413362953872711048e-01
6.057295687721770960e-01
5.705518359058485700e-01
5.304915542177753851e-01
5.006717657010643086e-01
4.883913173272930730e-01
4.723608591711128124e-01
4.435975147359805804e-01
4.154083640562449831e-01
3.888170415670392788e-01
3.591437193647520898e-01
3.396457022515138036e-01
3.367363495462275536e-01
3.297863742091651784e-01
3.108274620238720698e-01
2.927882167935804691e-01
2.756375460855701731e-01
2.541083156298173940e-01
2.416536405944265664e-01
2.446426689757536521e-01
2.433245192106540944e-01
2.300214278586937555e-01
2.179685738346254509e-01
2.062050983131356041e-01
1.885675037728181125e-01
1.789503449368995414e-01
1.843688895833562880e-01
1.853951132444680017e-01
1.743394365916324518e-01
1.643702906699450184e-01
1.551531899798834213e-01
1.396067601544769277e-01
1.320736482733725070e-01
1.401601748097530409e-01
1.435286612065017897e-01
1.333055390386115313e-01
1.252825128341703842e-01
1.178683384875395118e-01
1.032396001598431395e-01
9.682084478300570507e-02
1.070813402858290797e-01
1.118883783613049271e-01
1.021894570750810638e-01
9.451875165222653474e-02
8.766880626773508600e-02
7.236229004080342586e-02
6.650032553413345870e-02
7.924721888915380041e-02
8.484521138165979082e-02
7.444404921502824346e-02
6.765205606913654579e-02
6.179356343540107904e-02
4.609537489536135596e-02
4.148305780062715165e-02
5.787108371596954431e-02
6.559069694855448884e-02
5.541506273466217242e-02
4.984470494230971299e-02
4.494065893434368020e-02
2.868376362651997927e-02
2.552812545969985331e-02
4.617780181216241120e-02
5.628260744064169513e-02
4.617063391542994277e-02
4.177052607679188762e-02
3.785036927838222875e-02
2.050563405065789283e-02
1.837133326374426265e-02
4.310531792667827294e-02
5.527924599504702163e-02
4.473667978555508767e-02
4.075271569208222672e-02
3.696914947501783039e-02
1.782380727604040982e-02
1.567239336589245149e-02
4.330195278688148824e-02
5.663260275101597574e-02
4.462893409966994102e-02
4.013625532110923211e-02
3.545990477621006887e-02
1.340984110688226566e-02
1.065337069363506833e-02
4.115275597387245410e-02
5.560345990189631549e-02
4.218847616328143257e-02
3.715263060029231484e-02
3.178293152141783984e-02
7.643166610699969610e-03
5.148756017754273738e-03
3.899883189382552517e-02
5.509373520426736476e-02
4.076900187662866465e-02
3.531552864353920684e-02
2.906196596622891842e-02
2.844135690440867913e-03
8.035936591169315140e-04
3.797441316112969839e-02
5.538138224708868268e-02
4.007838354375804768e-02
3.412458588370290147e-02
2.704328442141108735e-02
-8.949171718794854272e-04
-2.935419447124709095e-03
3.634861362730238549e-02
5.550740653208868086e-02
4.068992069486789681e-02
3.552465830483442222e-02
2.840964978386957204e-02
-8.290656067037798036e-04
-2.677447069576648596e-03
3.897148375111046670e-02
5.996270512505417344e-02
4.635074725982906568e-02
4.261827483449422138e-02
3.607747589662386317e-02
5.838148718011322742e-03
4.506857992730284659e-03
4.913035315747953796e-02
7.193200236157303029e-02
5.846500572476107105e-02
5.562953320985351835e-02
4.961601035372492641e-02
1.778429441613819592e-02
1.635499405313235038e-02
6.386120862688525468e-02
8.808527908342603241e-02
7.387764294686602340e-02
7.171393610963798515e-02
6.566487997795346365e-02
3.088552358896375430e-02
2.871378599720104952e-02
7.923514451090253596e-02
1.042595790910256642e-01
8.862181734670786237e-02
8.705715646521677842e-02
8.025953267278247705e-02
4.091416924905688646e-02
3.822027464688210890e-02
9.313932552769418893e-02
1.187736409417583100e-01
1.001795640198979431e-01
9.802820071994791662e-02
8.970847432732256821e-02
4.665958536127187695e-02
4.581906814243046078e-02
1.081710455149640371e-01
1.361252370030120729e-01
1.153155267776985737e-01
1.140812570405181636e-01
1.059749849854228904e-01
5.985595947292612212e-02
6.300780927944180099e-02
1.372015576886998489e-01
1.710241807641610934e-01
1.501525818039667337e-01
1.528306220855104869e-01
1.477466977001450910e-01
9.963732016078444276e-02
1.098161880493763870e-01
2.015394710801766409e-01
2.446502735882113977e-01
2.245226366334885093e-01
2.332513393406811797e-01
2.331262500459066467e-01
1.830782284224902745e-01
2.028965947356319022e-01
3.172481251468827756e-01
3.714104927318308547e-01
3.503863475653308246e-01
3.640232751798054278e-01
3.667506026595432345e-01
3.120362265801398527e-01
3.420729150057720824e-01
4.814907659128231932e-01
5.443960048986328237e-01
5.168664273803470488e-01
5.309952563932049951e-01
5.320474382284932080e-01
4.675976243273957111e-01
5.044939629179613361e-01
6.648736348166672805e-01
7.292819882494542272e-01
6.880325252615931975e-01
6.965880306420759727e-01
6.884129958970981455e-01
6.040172155387539821e-01
6.385851422286616952e-01
8.120613253462144465e-01
8.687543943332132201e-01
8.063060170357188028e-01
8.045662805800718465e-01
7.804551062657801852e-01
6.699081761852747618e-01
6.965454774956979511e-01
8.775164007283658973e-01
9.263132031384356813e-01
8.435919309782974329e-01
8.247677121283122359e-01
7.783823001547709453e-01
6.407297763460189088e-01
6.616428893695835978e-01
8.547378627095391090e-01
8.994971902901770511e-01
7.965209897739631284e-01
7.623785697271527884e-01
7.004654600095049366e-01
5.433737386232385669e-01
5.635025919352414370e-01
7.697189179795655978e-01
8.147861426137059659e-01
7.003360609534757808e-01
6.581141097008508245e-01
5.870946888183822265e-01
4.224939366673498009e-01
4.503519403144058408e-01
6.763838171320168957e-01
7.303484482781502640e-01
6.110607819537471341e-01
5.651086782864132019e-01
4.909692869109746338e-01
3.237930547613566135e-01
3.653494108124750728e-01
6.160274008147468283e-01
6.818445246777888880e-01
5.622469021761181684e-01
5.116766391050295848e-01
4.323337974220703983e-01
2.680388052230460172e-01
3.305711319965513040e-01
6.120051749274010300e-01
6.949866807797537849e-01
5.718360246565059590e-01
5.086625167693746841e-01
4.144091461786019170e-01
2.546013973304462330e-01
3.458209974025183708e-01
6.580238811434458990e-01
7.522661913623276408e-01
6.205732542809943020e-01
5.376905027957727956e-01
4.271752377792545907e-01
2.666383093332002630e-01
3.761186446883436618e-01
7.219868087063908701e-01
8.210187867270761775e-01
6.772838500115079263e-01
5.958158787062478590e-01
4.785636504539747538e-01
2.618983378738544698e-01
3.454512362954200166e-01
7.843235589232231408e-01
