-6.598122379288945405e-04
4.703529754605681457e-03
1.888757063991791663e-02
3.122520842136924935e-02
3.063819399326345172e-02
1.488093657636882505e-02
-5.824390126618832209e-03
-1.727849503169500908e-02
-1.153896541892288768e-02
7.005393953934721529e-03
2.467793389105136376e-02
2.815973985525446754e-02
1.473068966862202400e-02
-5.223311150092857860e-03
-1.577882982150390079e-02
-7.459325218885096836e-03
1.525740125176686460e-02
3.703876427526807402e-02
4.325810982393545057e-02
3.074797218449671493e-02
1.082722705642200772e-02
7.611695416195815578e-04
1.063079708886623814e-02
3.556317866049012177e-02
5.929252324397179391e-02
6.590392684708235027e-02
5.210635151409520605e-02
3.003172551524220524e-02
1.798543633452284046e-02
2.677236908890309741e-02
5.140151250488771140e-02
7.459874102933648776e-02
7.980040654744069428e-02
6.344201055692326452e-02
3.814610811529868528e-02
2.316420918449173943e-02
3.013467179324555434e-02
5.390969126448692805e-02
7.672731633671169005e-02
8.106617036842181379e-02
6.312951683323649033e-02
3.586617401786066500e-02
1.941683773840192223e-02
2.604439025201248786e-02
5.097708121101099388e-02
7.559630963505606371e-02
8.169315516753819506e-02
6.483316448951723099e-02
3.826689213471438228e-02
2.303708402714797418e-02
3.238691619829521529e-02
6.147557164915748440e-02
9.110929086700454704e-02
1.020062451200463294e-01
8.931294845151610540e-02
6.663201431617438164e-02
5.593212617477004434e-02
7.105468409864695856e-02
1.070869850593292733e-01
1.441136494156791126e-01
1.619787910465909642e-01
1.552498660333971880e-01
1.379494403922852108e-01
1.329076650658007619e-01
1.543611292471486207e-01
1.977364211352146128e-01
2.423121109152772679e-01
2.673773447782589741e-01
2.674245622434168745e-01
2.562305902070309283e-01
2.572567401729256575e-01
2.852364604409993176e-01
3.350898273770445135e-01
3.860415544514212982e-01
4.166412913436600696e-01
4.209477964890179225e-01
4.126139235325742560e-01
4.154365969642285217e-01
4.446640295568364265e-01
4.959784664794268383e-01
5.483397004337067226e-01
5.790804183977190656e-01
5.814116405574244473e-01
5.690184923237854298e-01
5.659555463119354535e-01
5.896526182644401537e-01
6.364632589017487074e-01
6.846657200952792621e-01
7.109876407606957605e-01
7.071130518814014998e-01
6.865886086527822618e-01
6.747717825738833719e-01
6.906583561744220612e-01
7.306044698265631299e-01
7.724855041768248221e-01
7.916107606603478564e-01
7.787386467794951139e-01
7.475062849189825220e-01
7.252239848889546758e-01
7.313487037218142639e-01
7.623333222172292700e-01
7.953581210796150103e-01
8.042543108991189182e-01
7.798532052661479863e-01
7.364027688601338939e-01
7.019599248883773290e-01
6.964364072997741850e-01
7.172244492186287124e-01
7.411498292046672098e-01
7.412303568575550061e-01
7.082029203430102449e-01
6.565271706138675611e-01
6.144245822132649026e-01
6.024956747901556442e-01
6.182266338526428706e-01
6.377764025811177850e-01
6.345082969411722784e-01
5.985105362644392857e-01
5.443831862885173400e-01
5.003415479443249492e-01
4.872116868203469897e-01
5.027882312215520288e-01
5.234483634617328462e-01
5.217757331075701943e-01
4.875890846525532951e-01
4.354355506043368629e-01
3.938250537858516420e-01
3.837189689996372555e-01
4.028254898646841942e-01
4.270414198353232327e-01
4.291496737418456497e-01
3.989878329736857299e-01
3.509519156270117235e-01
3.134805514774851032e-01
3.076570816207234160e-01
3.311488276166545397e-01
3.599438534184716820e-01
3.666069096417449158e-01
3.409844275284703019e-01
2.974800375357746218e-01
2.644061811105931081e-01
2.627861560157760956e-01
2.902805909629851966e-01
3.229265834359091314e-01
3.333081459707338268e-01
3.110847573876343586e-01
2.706392786394078431e-01
2.403319683811661334e-01
2.411907117078875284e-01
2.709431902634927281e-01
3.057049594940802195e-01
3.179727672032948149e-01
2.973523053670908411e-01
2.582794909055821098e-01
2.298171151177678950e-01
2.323603527682494563e-01
2.637528594277998018e-01
3.001323280713992236e-01
3.137833863221065056e-01
2.939967515016758681e-01
2.552191216825366316e-01
2.262219561241899934e-01
2.291892990806038144e-01
2.613908266295691951e-01
2.988115603958463873e-01
3.133064931304276879e-01
2.937830505476242693e-01
2.545485015902982373e-01
2.248861094791489434e-01
2.269778152820592643e-01
2.591332776901736357e-01
2.968783662238850263e-01
3.113913264073050469e-01
2.910898485853310458e-01
2.504351530892574562e-01
2.192352981466073047e-01
2.203452051238724285e-01
2.523295011489968265e-01
2.904192167105320577e-01
3.051290432538779074e-01
2.843952985824717561e-01
2.427395638034451353e-01
2.105219464847142008e-01
2.111915071288676393e-01
2.435264827472180538e-01
2.824701254546565510e-01
2.979349882004493910e-01
2.774345598450372874e-01
2.354870069658133447e-01
2.029432683263525661e-01
2.038454094031742769e-01
2.371117351540642515e-01
2.773637072534274051e-01
2.939670786119364942e-01
2.740320769764958975e-01
2.322198581954430519e-01
1.998406930850558927e-01
2.012652364427109930e-01
2.355561505656728338e-01
2.769499838170281225e-01
2.944633147862582567e-01
2.750161931929355208e-01
2.334298875047670918e-01
2.013214312648372584e-01
2.033293795698854489e-01
2.384531384468976112e-01
2.808021734923868973e-01
2.990167296979720502e-01
2.799395221827750135e-01
2.383837986742905757e-01
2.060646620743130097e-01
2.077935119005094589e-01
2.427545976123350602e-01
2.850896887293978832e-01
3.033177803885857005e-01
2.839694601677801300e-01
2.417293940247213224e-01
2.084340737207850958e-01
2.091879067783211921e-01
2.435403024797237748e-01
2.855037704141758503e-01
3.033006061154795430e-01
2.831721261939875167e-01
2.397203426016711603e-01
2.050834176900132033e-01
2.047306322031127446e-01
2.382828892193202264e-01
2.796570907293575159e-01
2.966143239543773680e-01
2.752926279698428846e-01
2.305671108754001053e-01
1.948998010528216751e-01
1.939594923616167477e-01
2.270268117703057587e-01
2.675112307642169562e-01
2.831529099500147417e-01
2.605346660004446147e-01
2.150246061062394964e-01
1.791294341507131960e-01
1.781777432119302784e-01
2.108005012421433344e-01
2.501205007461921315e-01
2.644537459725521678e-01
2.410286856347200191e-01
1.956946158006079017e-01
1.607244993037549308e-01
1.604461592146941284e-01
1.928517836011298114e-01
2.311497087094549485e-01
2.444754699240742069e-01
2.212370809238489167e-01
1.774056317206974542e-01
1.444920730943755338e-01
1.455855724787938343e-01
1.781979730487904534e-01
2.159618869730786928e-01
2.291989209323442023e-01
2.071099889339410582e-01
1.655399638801632878e-01
1.349786897797630170e-01
1.375942885239014313e-01
1.705239549884662587e-01
2.080384669418325894e-01
2.214514320456635321e-01
2.005935110093841622e-01
1.612016967531371692e-01
1.328538621898020522e-01
1.369178549167863190e-01
1.701282066718876884e-01
2.071758042068259087e-01
2.203897196960280247e-01
2.000456850265612263e-01
1.620622653791899681e-01
1.354258745998392077e-01
1.405659744997395377e-01
1.739586668719283469e-01
2.107383656400857175e-01
2.236768845370828152e-01
2.039566587134473696e-01
1.671540916016051592e-01
1.417112081758131192e-01
1.476141560962035137e-01
1.812129279001748194e-01
2.177788582217773661e-01
2.307973846332278534e-01
2.113258501335664175e-01
1.748940585777230272e-01
1.501375186114352889e-01
1.571639438318136739e-01
1.919990661652903052e-01
2.292794442199085903e-01
2.416680792207569484e-01
2.210478424570028744e-01
1.842034977759232917e-01
1.604361783476181968e-01
1.694567169236321225e-01
2.061189296970879770e-01
2.436684242259524180e-01
2.548897439582450963e-01
2.324866802287951784e-01
1.958661361491293162e-01
1.747116287539386692e-01
1.877436730616143246e-01
2.283315550939364613e-01
2.675937671321120259e-01
2.777846552438570926e-01
2.540440288871125829e-01
2.185738722476839035e-01
2.009776072454579898e-01
2.181268940100780651e-01
2.617752666681889551e-01
3.005678199958290442e-01
3.089981936543311214e-01
2.864589982227768727e-01
2.587521949809455379e-01
