-1.331347893727800880e-02
-1.063711159393146942e-02
-1.044659650625896601e-02
-7.320696615409421140e-03
-5.388563824973532056e-03
-5.079721302844108013e-03
-9.148425186399230212e-04
-8.344152357203569158e-05
4.105351539982321149e-03
6.173961920579080359e-03
9.567048975490096557e-03
1.126858107743521249e-02
1.482115522605462372e-02
1.767629550577378902e-02
1.969746652691896707e-02
2.466918239322365286e-02
2.592111035409096209e-02
2.878547392654857290e-02
3.018853688027791152e-02
3.294638687250450726e-02
3.680248555680674244e-02
3.728882531876137607e-02
4.219133095432680419e-02
4.278527450318350689e-02
4.298170240558329275e-02
4.409563744137080105e-02
4.438976928574521474e-02
4.644652877393313367e-02
4.717302513139520759e-02
4.821188216287629336e-02
4.598294538179523161e-02
4.553598255613991452e-02
4.478364938297711012e-02
4.245116792014048956e-02
4.290452975415982168e-02
4.276073657729069499e-02
4.232610170782245135e-02
4.095669832911864178e-02
3.937773583204873945e-02
3.756288634116951991e-02
3.401118322486098439e-02
3.336477522285005715e-02
3.321149218815919180e-02
3.298963711225946088e-02
3.156086787183473574e-02
2.854704485324555119e-02
2.627447240446520796e-02
2.114455717012252156e-02
2.424665638874246021e-02
2.438766621292329934e-02
2.163181040404714775e-02
2.082310155620221634e-02
1.794223733810865890e-02
1.900917744261620967e-02
1.523661047844521166e-02
1.503958431332652439e-02
1.474925960069190835e-02
1.548876620113468980e-02
1.573463127309682533e-02
1.360423828149470889e-02
1.203110397956029358e-02
8.531613255454505163e-03
9.537932626851944318e-03
8.476129332828482438e-03
1.495954503200920029e-02
1.278775916345931823e-02
6.469555176932040297e-03
9.007234737941594363e-03
4.155104153519518020e-03
6.475845459545548355e-03
1.005253740056942513e-02
9.315554712560649570e-03
8.256466152394489888e-03
3.913718038794184936e-03
6.102692581825269226e-03
7.972576586520663949e-03
4.815211468536002327e-03
6.691158330254362054e-03
8.039905332786504918e-03
3.799276256800557250e-03
8.402567498256633544e-03
8.162496409524612126e-03
1.252319134075179610e-05
7.058704274426705165e-03
4.059962524628396574e-03
4.172461128619159298e-03
1.170446454385737876e-02
7.292401160727392771e-03
6.947954338073713230e-03
2.706475979971261544e-03
3.117351169485059643e-03
1.318216346135339450e-03
4.351450359068236712e-03
9.634460691168633684e-03
8.047014945144736683e-03
2.241156817271172403e-03
1.024582000785749947e-03
9.436710187870404193e-03
1.692124020751594165e-03
6.873292865088801405e-03
8.160742740324413227e-03
6.726069996311203995e-03
8.012899316264960811e-03
2.877741289159129433e-03
4.318271954652110230e-03
5.227749181504884324e-03
1.342792370625560611e-04
7.337526107675614549e-03
1.061261749827551761e-02
7.890204202042705103e-03
3.501656058008921144e-03
3.689015103273364602e-03
2.713369734985481094e-03
6.761922870741032788e-05
6.971080498873770577e-03
1.323338934562368584e-02
8.814009880006162811e-03
4.617831853489795524e-03
7.136101462338458913e-03
8.709182598071917719e-03
4.491543337405913723e-03
1.224498394362465679e-02
6.710184963212068379e-03
1.301081971225714722e-02
8.952593029103629238e-03
1.064094618518787380e-02
7.694856979961254423e-03
6.502599753237098094e-03
1.958016713268481701e-02
6.709897165131430488e-03
1.040507030461648719e-02
1.479833455940133581e-02
1.854293974195106096e-02
6.991813939505366234e-03
1.100491237578649084e-02
1.464583005571880835e-02
1.559448811076824364e-02
2.473667942040739393e-02
1.239958212570904314e-02
1.210850376345690149e-02
1.344199876272367603e-02
1.738709805387094604e-02
3.640129262014231426e-02
1.611732583955334530e-02
2.197380345358539502e-02
1.707084722394400580e-02
2.498764636611882500e-02
5.034140481953847807e-02
2.036033122626552602e-02
3.273889750859210884e-02
3.239468575518603122e-02
3.361046052683056701e-02
3.984054353139369897e-02
3.275214558077131632e-02
8.932246943239232836e-03
2.756086671049716094e-02
4.591560695064602488e-02
5.426386492896378977e-02
5.277548965951864290e-02
4.273286733959691386e-02
5.670325402016743871e-02
2.453321657391330582e-02
4.338582585322592333e-02
1.258962267105569743e-01
8.487317539779576370e-02
6.458815753654593983e-02
5.795372738938252971e-02
4.018758176377812408e-02
5.709923594651836187e-02
8.229336840615296411e-02
8.391647913055795549e-02
1.023019393133526439e-01
1.044541937529776671e-01
7.827288685442422567e-02
5.279424389748924029e-02
8.033067465777121718e-02
9.650996610809370324e-02
1.189078861785335256e-01
1.094257073316380058e-01
1.239981476972629032e-01
8.444315303167658493e-02
6.938494192900977742e-02
9.602962402476145076e-02
1.104386255051161420e-01
1.247446555330214285e-01
1.578321657226991193e-01
1.529955932344710667e-01
1.267954483472304161e-01
6.062455601235828412e-02
1.144814455411501675e-01
1.568026481729773436e-01
1.850475844347828913e-01
1.876678949192670809e-01
1.690732559856158723e-01
1.250303828659243555e-01
5.520944292635927841e-02
8.905633124704363801e-02
1.478720555030769157e-01
1.689562423165645588e-01
1.346967018172705310e-01
2.046511518002522290e-01
1.460050822958728622e-01
5.614105529080341828e-02
1.302322013845354232e-01
2.100565564050120015e-01
2.186048989748537175e-01
2.380492016269556976e-01
3.072699966525411219e-01
2.014194435023024254e-01
9.124414800912308832e-02
1.550346216642310426e-01
2.701737088540709375e-01
3.477168877541554903e-01
3.055597350203572149e-01
3.710062699252668073e-01
3.486750118443566748e-01
1.617751608490260173e-01
2.268642105056399572e-01
3.244587970632433760e-01
4.812967171051777404e-01
4.877039984034507447e-01
5.424766656961739208e-01
5.942498503633114604e-01
3.235913651162534710e-01
3.884893595405266575e-01
4.188006268972298551e-01
5.716981133812143456e-01
5.625437449011622126e-01
4.254802063198680484e-01
5.457529733101341707e-01
6.018105963557407456e-01
4.409646204454273910e-01
4.622014220179814781e-01
6.814930500900427957e-01
7.163348833973562924e-01
1.000000000000000000e+00
4.682719707077833693e-01
2.277851933535754436e-01
2.563610626268155723e-01
4.340233640025823458e-01
3.693079861962156873e-01
2.917716432736900400e-01
3.732314872815843398e-01
3.091115201697620107e-01
1.274120973356413777e-01
5.153217865265545816e-01
3.415086241573353498e-01
2.515691632240679154e-01
2.534862219771597536e-01
2.278016992099397287e-01
1.387853858523041828e-01
5.515327358606837010e-02
1.168627524155529535e-01
1.729849425604769730e-01
1.758915593365715235e-01
1.366588127666471530e-01
1.444975918720222963e-01
1.281041095521300022e-01
2.899459383197530368e-02
1.079993402038101208e-01
1.611744695657220949e-01
1.404301501540006769e-01
1.475602420590563513e-01
1.355467002613540695e-01
1.371717877216365733e-01
4.270410863487691944e-02
1.487906441907503041e-01
1.860586023874355177e-01
1.488571060916158151e-01
1.596976851051486734e-01
1.696869782407953442e-01
1.220677032614509022e-01
4.912913641154099259e-02
1.273728510640326772e-01
2.044529771735492940e-01
2.228413017820902453e-01
1.717521081758005552e-01
2.150862237482370765e-01
1.463182534005919022e-01
6.321167568318340757e-02
1.483716896956168152e-01
1.647131252959948833e-01
2.597707179254497012e-01
2.369341513914085262e-01
2.915951542083733070e-02
1.133251663913844159e-01
2.721660038198125617e-02
1.357261615905094587e-01
3.119884871246716984e-01
2.254919200026076209e-01
2.350580897453717066e-01
3.639944442928825380e-02
1.460141963484998529e-01
5.121569844648996006e-02
2.315919904624828551e-01
3.042207904434743315e-01
2.521406592479343844e-01
2.288463824257098433e-01
2.411165245979439709e-01
1.760190327941180688e-01
5.613574541468018680e-02
