-8.397862252315315204e-03
-5.360903919675271030e-03
-2.318391234543213785e-03
7.396433522681524798e-04
3.826625195164647195e-03
6.958283125315029190e-03
1.015284535049014621e-02
1.342676766957533879e-02
1.679432354049830572e-02
2.026680974631543675e-02
2.385226124769916287e-02
2.755470742578609161e-02
3.137469692884679168e-02
3.530776969978410146e-02
3.934329223703107031e-02
4.346617716805469683e-02
4.765271615205460276e-02
5.187247195285180079e-02
5.609231421788244548e-02
6.027023032060464108e-02
6.435603597691089139e-02
6.829433922507796573e-02
7.203562633073185006e-02
7.552330503925616667e-02
7.869842622198887361e-02
8.151192966688937391e-02
8.392101473208364582e-02
8.589905629881237903e-02
8.740481121556771538e-02
8.840704909898688957e-02
8.893022146783814696e-02
8.901428506417249920e-02
8.867441700564321350e-02
8.794633516563039877e-02
8.687244891589897267e-02
8.546746567913650339e-02
8.374874301373665120e-02
8.173520158742274277e-02
7.944991326523627440e-02
7.692725499562569347e-02
7.421515228520599028e-02
7.135878035629425464e-02
6.838040975562482970e-02
6.529662158201302025e-02
6.216127680427162988e-02
5.902575352855830154e-02
5.594102304165565753e-02
5.292706095708851755e-02
5.000627565246205247e-02
4.717942302269702293e-02
4.444586062549962802e-02
4.181428132939506159e-02
3.929219424685320011e-02
3.688503662307857089e-02
3.459949693234729701e-02
3.244158399409823729e-02
3.040239253444325038e-02
2.850753232908685361e-02
2.678573768926436477e-02
2.522729901736369545e-02
2.382234559626629847e-02
2.255403183291669611e-02
2.140218110806877197e-02
2.033700396515082665e-02
1.932371918556843871e-02
1.833090540882450006e-02
1.737595420460696927e-02
1.647395642765356674e-02
1.563848829804468168e-02
1.487913282057006827e-02
1.419874127407710906e-02
1.359750328865981170e-02
1.307704035338711282e-02
1.263785571359390611e-02
1.228133366912969975e-02
1.200915522540255305e-02
1.182074060919950306e-02
1.170975111720207705e-02
1.166962193004362699e-02
1.169409729191793305e-02
1.177571259180031950e-02
1.190432340642117587e-02
1.206814623564751027e-02
1.225159652703062402e-02
1.243322114563864822e-02
1.258912097124296331e-02
1.269164374179280325e-02
1.270804930508772669e-02
1.264606592410551754e-02
1.251416962076242097e-02
1.233954208920693546e-02
1.214528471358265922e-02
1.195170679477500046e-02
1.176037647569544257e-02
1.157051600544585501e-02
1.138516230945799297e-02
1.120901482280389425e-02
1.104808552507978263e-02
1.090637367516147233e-02
1.078404492091402864e-02
1.068031473615456070e-02
1.059559191321760019e-02
1.052979660241018002e-02
1.048679480015139026e-02
1.047152815119097718e-02
1.048830858942463931e-02
1.053711594674005929e-02
1.061638233229962418e-02
1.072462108025697136e-02
1.086050821765928778e-02
1.102782228537293151e-02
1.123288478674951997e-02
1.147925891040021441e-02
1.176891690346589664e-02
1.210418223808234356e-02
1.248120189786017763e-02
1.288855775251120626e-02
1.333014680017513033e-02
1.380935100880948709e-02
1.432887777582888059e-02
1.488687950205829467e-02
1.548042815990879027e-02
1.611065438021705779e-02
1.677860632512769359e-02
1.748373493856301281e-02
1.823501985946526793e-02
1.903742777708535699e-02
1.989417951856689570e-02
2.080563716682905240e-02
2.176930718490047503e-02
2.279334698636695938e-02
2.388580213533145549e-02
2.504824557803162280e-02
2.627949095134620577e-02
2.759297446511429011e-02
2.899420870129424191e-02
3.048598811885840434e-02
3.206844490474768800e-02
3.373910646048481482e-02
3.551259129422188604e-02
3.739298450703180954e-02
3.938243861658900780e-02
4.147977996242267068e-02
4.367881404252138555e-02
4.599656457147598132e-02
4.843788031172476666e-02
5.100353560858303381e-02
5.368737991737331655e-02
5.648469098275409744e-02
5.942784966971045163e-02
6.253426948051991896e-02
6.582096236793151534e-02
6.930470792967570459e-02
7.300257574347757128e-02
7.693650228813425640e-02
8.112668557935151514e-02
8.555241472233687805e-02
9.017485231293936865e-02
9.495665640658654261e-02
9.987357531104733288e-02
1.049087659880115764e-01
1.100353972851096651e-01
1.152323537377723667e-01
1.204382059096672231e-01
1.255675991473081676e-01
1.306278880738974135e-01
1.356553607090593694e-01
1.406840397780996788e-01
1.457419582776383615e-01
1.508140851183324416e-01
1.558668214643947614e-01
1.608744533337987115e-01
1.658180315619574297e-01
1.707087059292475839e-01
1.755784488699345114e-01
1.804554695903971273e-01
1.853194221531317132e-01
1.901324343376534221e-01
1.948656612364262075e-01
1.995147057769021959e-01
2.040902992208360189e-01
2.086322083835847885e-01
2.131572036959280825e-01
2.176412999966069461e-01
2.220415872893882203e-01
2.263215515326341132e-01
2.304601007485397868e-01
2.344870574487233073e-01
2.384846915585544236e-01
2.425425672900042851e-01
2.466783167856634040e-01
2.509036655288918172e-01
2.552664489204962139e-01
2.598919905919071516e-01
2.649760232423820638e-01
2.707616367854955297e-01
2.774882241737885447e-01
2.852851976957716529e-01
2.942257346804338924e-01
3.043916887256115644e-01
3.158843780365326870e-01
3.287917095806995316e-01
3.432512171918664645e-01
3.593778435549162542e-01
3.771460050945896758e-01
3.964581912529724361e-01
4.172540532285662906e-01
4.394893524382004202e-01
4.631551331876467836e-01
4.883592732309168793e-01
5.151545541683549834e-01
5.434123369311842922e-01
5.728711447483697539e-01
6.032587162720225438e-01
6.343904833145187494e-01
6.660700078394293788e-01
6.981763846022365216e-01
7.306067398554405568e-01
7.630146126550749752e-01
7.948948573182778032e-01
8.256537558709562408e-01
8.548066558273091919e-01
8.819647140839262933e-01
9.068660232287828471e-01
9.294545366307097600e-01
9.494971111126268015e-01
9.666661322893030928e-01
9.805709488880507418e-01
9.909101760221246114e-01
9.974859749939698483e-01
1.000000000000000000e+00
9.982043014816875948e-01
9.919904133600834228e-01
9.811548331186805694e-01
9.654644507851329882e-01
9.449178869766460265e-01
9.197908174911119117e-01
8.910326142054006970e-01
8.595799410420090769e-01
8.261059547975034834e-01
7.910694401767344175e-01
7.549351418874085118e-01
7.181562577475485432e-01
6.810605108341276637e-01
6.439939706160571209e-01
6.072733908274419168e-01
5.709499483433280176e-01
5.353579196806970142e-01
5.008878975954190738e-01
4.679037482177685336e-01
4.367893668461340084e-01
4.078964954875146098e-01
3.814954039710048428e-01
3.576662327958946008e-01
3.363839535001547087e-01
3.176370067752991577e-01
3.014010244975751096e-01
2.876344760840908177e-01
2.762905773302485879e-01
2.672851942509911760e-01
2.604198104304389916e-01
2.554465171980689342e-01
2.521593675137351331e-01
2.503775708481615347e-01
2.499260766675960588e-01
2.506614633886553589e-01
2.524445484670074236e-01
2.550291385037548597e-01
2.582108769027673945e-01
2.618384674224502606e-01
2.657993852628755538e-01
2.700126023515646567e-01
2.744339868900337875e-01
2.790185304625163454e-01
2.835942902749520877e-01
2.879828036543293779e-01
2.920847759920592868e-01
2.958866395900369151e-01
2.994204339018562422e-01
3.027889558972498563e-01
3.060941746886031156e-01
3.093332008967363822e-01
3.124835313714809382e-01
3.155466451823581986e-01
3.186436366600257641e-01
3.219933292959702986e-01
3.256604178702556252e-01
3.296367696507475076e-01
3.337538016779319494e-01
3.378027804597535377e-01
3.417515003245496508e-01
3.456466982161884860e-01
3.496031574731860991e-01
3.535700854206847987e-01
3.574599847784793449e-01
3.610229236051726853e-01
3.640838076309799165e-01
3.666113351913091734e-01
3.686625741153910507e-01
3.703538846055641209e-01
3.718649212584754782e-01
