3.175354237427432773e-03
2.453262368348658323e-02
4.726001679881915163e-02
7.162184648260154496e-02
9.787342109354438269e-02
1.262430805770023146e-01
1.569226335541867023e-01
1.900414130969750315e-01
2.256799547593536792e-01
2.638287643701703877e-01
3.043742571326083501e-01
3.471597842276512025e-01
3.919863003098156828e-01
4.385445566126503492e-01
4.864336257749267145e-01
5.351318029304497070e-01
5.840679710253300350e-01
6.326650831493818572e-01
6.802972576490434742e-01
7.264428327979322031e-01
7.705642516196350433e-01
8.121065981966182346e-01
8.504330624374040193e-01
8.849714530582405425e-01
9.153011215811321932e-01
9.411450644863904591e-01
9.622989503123887678e-01
9.787751243575071314e-01
9.905881643951648385e-01
9.976295984328534816e-01
1.000000000000000000e+00
9.979936363343430150e-01
9.920203304594937821e-01
9.824301316199408607e-01
9.697114273802039941e-01
9.542108447833100859e-01
9.360932892775322145e-01
9.153858541972333951e-01
8.922711303568517938e-01
8.670631888517646990e-01
8.400892478878065894e-01
8.117067966093781672e-01
7.822465351204288542e-01
7.518425790568660227e-01
7.207479158831373578e-01
6.892753820786422514e-01
6.577472852041031937e-01
6.264808526184707516e-01
5.957997233514565893e-01
5.659070211043274456e-01
5.368415621809272675e-01
5.086922860742347785e-01
4.816410609422304145e-01
4.558844563786398907e-01
4.315794694658595110e-01
4.087692775846605286e-01
3.873888469783279831e-01
3.672490740998706205e-01
3.482513714874779232e-01
3.303879353405485553e-01
3.136755937976963282e-01
2.981286433736132779e-01
2.837172773151154792e-01
2.703293921817471190e-01
2.577700128968838933e-01
2.459188664248518619e-01
2.347450757063246907e-01
2.241982131280121915e-01
2.142495057585822316e-01
2.048915828144274587e-01
1.960789880976641919e-01
1.877121268632700180e-01
1.797372253529359032e-01
1.721542978126754109e-01
1.649851714602084685e-01
1.582234712279180500e-01
1.518610023015228294e-01
1.458495413779866412e-01
1.400938622912462628e-01
1.345307807320780258e-01
1.292121456983228167e-01
1.241057244498641604e-01
1.191888717236711664e-01
1.144448769237346730e-01
1.098605616953454156e-01
1.053936544404525527e-01
1.009756555146813090e-01
9.658717887181887674e-02
9.225660671913650523e-02
8.801218432254200030e-02
8.388746434351285197e-02
7.990342663306090887e-02
7.604641661767892746e-02
7.232675877433443479e-02
6.877979839706045706e-02
6.542716044304068557e-02
6.228444184152087670e-02
5.936467575719900358e-02
5.667482033067559877e-02
5.419705056222302170e-02
5.191781676480494712e-02
4.984171295220175824e-02
4.797921271344497002e-02
4.634796677770014472e-02
4.495480297155150101e-02
4.379948347704949729e-02
4.286325577706966150e-02
4.213147656469901775e-02
4.159830347955522506e-02
4.124661949976087677e-02
4.106205482181067568e-02
4.104005098640325921e-02
4.115038574997367804e-02
4.133718683709047131e-02
4.156677324463983053e-02
4.180837438578160342e-02
4.202988000443785843e-02
4.219221371590413383e-02
4.225467002451332998e-02
4.218713264708613686e-02
4.197961753042043359e-02
4.163957733281441198e-02
4.116739155697431846e-02
4.057163658649582533e-02
3.986938080197392764e-02
3.908792579252838573e-02
3.825429434831788267e-02
3.739024341124531914e-02
3.652784260596832200e-02
3.569358789570815232e-02
3.490072739473963626e-02
3.415388937159174326e-02
3.344957778686068195e-02
3.278622111965665692e-02
3.216187483300660122e-02
3.157463597177108394e-02
3.102440224374241814e-02
3.050639472058842491e-02
3.003614129797259336e-02
2.962516088621591423e-02
2.927851958934820850e-02
2.899234983852767497e-02
2.876091136619593827e-02
2.858224552084787443e-02
2.845695105140793116e-02
2.839103350272130163e-02
2.839598352459727845e-02
2.849018693494613508e-02
2.867838865598196924e-02
2.894889610775345026e-02
2.929810114610826785e-02
2.972620440152913199e-02
3.023836589065368591e-02
3.083759312839535680e-02
3.153947853837054532e-02
3.235266083051048513e-02
3.326743540532879628e-02
3.427441022035353224e-02
3.537214724403122540e-02
3.658159060782544686e-02
3.792758527988127071e-02
3.942032592222723814e-02
4.105177791476755794e-02
4.282896600910304080e-02
4.475926602434684293e-02
4.685750729257882191e-02
4.913792189799153637e-02
5.161009554675979882e-02
5.426932911989899161e-02
5.708277378271447294e-02
6.001788398653409157e-02
6.305982317115851887e-02
6.619730953896368897e-02
6.940565733155269756e-02
7.267356205882259668e-02
7.596961139420947695e-02
7.922518522287609610e-02
8.237072382160627593e-02
8.533643085449982291e-02
8.806399605803726105e-02
9.051021713285989367e-02
9.274385327167816717e-02
9.481131639821686885e-02
9.671611103926393282e-02
9.847503447630988338e-02
1.001361503542618769e-01
1.017448366022419420e-01
1.033550670181834080e-01
1.050325124339324262e-01
1.068316324865358352e-01
1.087782008388293864e-01
1.109420994215253864e-01
1.134059868052767622e-01
1.162694212227384782e-01
1.196473206389527255e-01
1.236462712701356798e-01
1.283569409378667037e-01
1.338365222135861066e-01
1.401564362428018296e-01
1.473893259541100287e-01
1.556297456769668575e-01
1.649841651269433052e-01
1.755466550380337942e-01
1.873820897331487378e-01
2.005085946505690275e-01
2.149572235660374697e-01
2.307486970158276474e-01
2.479117491970496689e-01
2.664513564620418773e-01
2.863845518094996767e-01
3.076836650958618136e-01
3.302583893295421569e-01
3.540259694699288695e-01
3.789189950594402112e-01
4.048719143506063767e-01
4.318041073004065811e-01
4.596337800184279732e-01
4.881967955068338139e-01
5.172005339568678250e-01
5.463990507824882936e-01
5.756173840885733251e-01
6.046730755524721834e-01
6.333455891836701213e-01
6.613855288100002339e-01
6.884529140872198694e-01
7.141106064540954090e-01
7.380606319803495463e-01
7.601418339556216264e-01
7.802587806720887587e-01
7.983378496505155741e-01
8.143625648119673377e-01
8.282336237808234358e-01
8.397123410390571197e-01
8.487925228923347554e-01
8.555810463688793277e-01
8.601032807815032211e-01
8.624316247733201379e-01
8.627251147259720199e-01
8.610883453484066141e-01
8.575001052828740145e-01
8.520936484782440923e-01
8.450521653958722457e-01
8.366080554510963996e-01
8.270528033988381322e-01
8.166765513982123803e-01
8.055988563674414404e-01
7.937217894192675205e-01
7.811283547156515628e-01
7.680269448598469051e-01
7.546592846722598447e-01
7.412511272555143416e-01
7.280945274741917883e-01
7.153098264128132655e-01
7.028333412806706537e-01
6.907100797011190840e-01
6.790426763340233762e-01
6.679264200867933710e-01
6.574757103468521491e-01
6.477735123256975758e-01
6.387848059550045310e-01
6.303078951736327262e-01
6.222428478855362988e-01
6.146118515403595772e-01
6.074533757498128406e-01
6.008214662017112850e-01
5.948066450833709995e-01
5.893894809114984534e-01
5.843841177499571327e-01
5.797441800292019165e-01
5.754782935594453530e-01
5.716283459276927381e-01
5.682297178720501218e-01
5.653095829049874510e-01
5.627986863877260104e-01
5.604537764637972375e-01
5.581603235965235665e-01
5.559750520777869687e-01
5.539836426458375485e-01
5.523212623853563930e-01
5.509944880867254646e-01
5.498645499929948333e-01
5.486851203798795984e-01
5.473631040541584447e-01
5.459881216552298078e-01
5.447224578771341363e-01
5.437307398697702743e-01
5.430192022478274039e-01
5.424677908019239769e-01
5.417758526228658722e-01
5.408211232770503418e-01
5.396149867337549644e-01
5.382182024615072002e-01
5.367320772107407878e-01
5.352993380039670068e-01
5.339572235798138999e-01
