2.455222872856283495e-05
1.227611436428141748e-05
1.227611436428141748e-05
0.000000000000000000e+00
0.000000000000000000e+00
0.000000000000000000e+00
1.227611436428141748e-05
0.000000000000000000e+00
0.000000000000000000e+00
4.910445745712566990e-05
1.227611436428141748e-05
0.000000000000000000e+00
1.227611436428141748e-05
0.000000000000000000e+00
0.000000000000000000e+00
0.000000000000000000e+00
0.000000000000000000e+00
0.000000000000000000e+00
0.000000000000000000e+00
0.000000000000000000e+00
0.000000000000000000e+00
0.000000000000000000e+00
1.227611436428141748e-05
0.000000000000000000e+00
1.227611436428141748e-05
2.455222872856283495e-05
6.138057182140709076e-05
4.910445745712566990e-05
9.820891491425133980e-05
1.473133723713770233e-04
6.138057182140709076e-05
2.700745160141912048e-04
4.787684602069753052e-04
6.751862900354779849e-04
6.874624043997593515e-04
6.260818325783523014e-04
9.943652635067948189e-04
8.347757767711364019e-04
6.997385187640408266e-04
1.792312697185086904e-03
3.253170306534575607e-03
4.971826317533974311e-03
5.904811009219361646e-03
5.892534894855080280e-03
4.456229514234154310e-03
5.450594777740949345e-03
7.525258105304508983e-03
9.477160289225254955e-03
1.225156213555285423e-02
1.286536785376692603e-02
1.543107575590174120e-02
1.464540443658773200e-02
1.692876170834407487e-02
2.852968978259001406e-02
2.911894327207552313e-02
3.304729986864557434e-02
3.787181281380817138e-02
3.912397647896487946e-02
3.459409027854503521e-02
3.507285873875200938e-02
5.236990387802453045e-02
5.540210412600203582e-02
6.021434095680035237e-02
5.968646803913624926e-02
6.041075878662885423e-02
4.917811414331135778e-02
4.405897445340600793e-02
6.467057047103451362e-02
6.676978602732662471e-02
6.290281000257798294e-02
5.956370689549343733e-02
5.293460513878147505e-02
4.380117605175609663e-02
4.274543021642789736e-02
5.128960581396776325e-02
5.275046342331725369e-02
6.200665365398543710e-02
6.476877938594875761e-02
6.060717661645735610e-02
5.775911808394407210e-02
4.727531641684774161e-02
5.944094575185062540e-02
5.838519991652241919e-02
6.732221117371929575e-02
6.307467560367792381e-02
6.069310941700732653e-02
4.597404829423391154e-02
4.261039295842079799e-02
5.767318528339410166e-02
5.790643145631544503e-02
6.661019654059097128e-02
6.084042278937870640e-02
5.809057317177966639e-02
3.961502105353613412e-02
3.655826857683006081e-02
4.155464712309259873e-02
4.510244417436992670e-02
4.694386132901214037e-02
4.623184669588381590e-02
3.754035772597257709e-02
2.652868314121214349e-02
2.852968978259001406e-02
4.388710885230606706e-02
4.173878883855682009e-02
4.060938631704293089e-02
3.223707632060300587e-02
3.109539768472482923e-02
2.552204176334106622e-02
2.248984151536355738e-02
3.167237505984605433e-02
3.751580549724400915e-02
3.319461324101695421e-02
3.153733780183896190e-02
2.526424336169115839e-02
1.873335051989344358e-02
1.675689610724413400e-02
1.988730527013589724e-02
2.040290207343571638e-02
2.244073705790643192e-02
2.154458070931388955e-02
1.872107440552916308e-02
1.376152420235946840e-02
1.324592739905964926e-02
1.767760468456524084e-02
1.830368651714359488e-02
1.672006776415129251e-02
1.540652352717317847e-02
1.379835254545231336e-02
9.955928749432229122e-03
8.863354571011183153e-03
1.346689745761671560e-02
1.421574043383788157e-02
1.463312832222344977e-02
1.243570385101707559e-02
1.297585288304545920e-02
1.097484624166758689e-02
1.005413766434648179e-02
1.279171116758123783e-02
1.352827802943812156e-02
1.243570385101707559e-02
1.261984556648129696e-02
1.220245767809572876e-02
8.482795025718459919e-03
7.807608735682981284e-03
1.098712235603186912e-02
1.092574178421046142e-02
9.526264746682380422e-03
8.851078456646902654e-03
8.237272738432830851e-03
8.004026565511484018e-03
5.475147006469512079e-03
8.912459028468308619e-03
7.598914791490197183e-03
8.016302679875766252e-03
7.451601419118820784e-03
7.095594102554659416e-03
4.947274088805411578e-03
6.813243472176187115e-03
8.691488969911244020e-03
7.402496961661694450e-03
8.617832283725555820e-03
8.801973999189777187e-03
6.911452387090438049e-03
5.524251463926637545e-03
4.529886200419843377e-03
8.998391829018279053e-03
8.470518911354177685e-03
9.477160289225254955e-03
8.654660626818399052e-03
7.144698560011784882e-03
6.125781067776427113e-03
5.438318663376667979e-03
9.955928749432229122e-03
9.624473661596631355e-03
9.784063148332289989e-03
9.796339262696570488e-03
9.501712517953817688e-03
6.420407812519181648e-03
6.837795700904749849e-03
1.050835389582489322e-02
1.033648829472495409e-02
1.274260671012411236e-02
1.134312967259602963e-02
8.286377195889956318e-03
6.653653985440528482e-03
6.813243472176187115e-03
1.280398728194551833e-02
1.254618888029560876e-02
1.303723345486686516e-02
1.331958408524533746e-02
1.156409973115309596e-02
8.556451711904148119e-03
7.549810334033071717e-03
1.808271645858652854e-02
1.642544101940853624e-02
1.482954615205195337e-02
1.410525540455934840e-02
1.427712100565928927e-02
8.556451711904148119e-03
7.341116389840287616e-03
1.577480695810162120e-02
1.329503185651677473e-02
1.524693404043752157e-02
1.797223142930799711e-02
1.465768055095201250e-02
1.014007046489645049e-02
1.012779435053216999e-02
1.561521747136596257e-02
1.530831461225892753e-02
1.660958273487275760e-02
1.906480560772904134e-02
1.997323807068586768e-02
1.502596398188045523e-02
1.425256877693072653e-02
1.843872377515069078e-02
2.762125731963319120e-02
3.676696252102284318e-02
3.804367841490811225e-02
3.730711155305122678e-02
3.124271105709620910e-02
3.002737573503234600e-02
4.741035367485483404e-02
4.056028185958580196e-02
4.089173694742140319e-02
4.413263113959169787e-02
4.044979683030727052e-02
3.276494923826710204e-02
2.630771308265507716e-02
4.165285603800684966e-02
4.361703433629187526e-02
5.358523920008839009e-02
5.686296173535152626e-02
6.088952724683582840e-02
5.968646803913624926e-02
6.533348064670570221e-02
6.875851655434021825e-02
7.875127364686529408e-02
8.664481518309824493e-02
9.335984974036018458e-02
8.897727691231172020e-02
8.297425698817810502e-02
8.560134546213432616e-02
1.218649872942216272e-01
1.257196872046059954e-01
1.541757203010103161e-01
1.618605678930505054e-01
1.681213862188340180e-01
1.418750537080003538e-01
1.448827017272492912e-01
2.032801777581360048e-01
2.096023766557409129e-01
2.250334524116426593e-01
2.239777065763144670e-01
1.931523834076038226e-01
1.536478473833462199e-01
1.482095287199695632e-01
2.388440810714592688e-01
2.321044942854687543e-01
2.419131096625296296e-01
2.263838249917136114e-01
2.177291643648952280e-01
1.813550375035293816e-01
1.741735106004247413e-01
3.144158410979756568e-01
3.109539768472482923e-01
3.125867000576977306e-01
2.854196589695429664e-01
2.637768693453148017e-01
1.993640972759302132e-01
1.930787267214181258e-01
3.259553886004001866e-01
2.960262217802820950e-01
2.899127168268699761e-01
2.867454793208853436e-01
2.785818632686382079e-01
2.025067825531862709e-01
1.933365251230680371e-01
3.868449158472360150e-01
3.140966621245043777e-01
2.906738359174553810e-01
2.915086116942265382e-01
2.862298825175855210e-01
2.273781902552204082e-01
2.448962054530499921e-01
3.810137615242023545e-01
3.364882947249536738e-01
3.358253845492824574e-01
3.002001006641377701e-01
2.949459237162253555e-01
2.209455063283369547e-01
1.967492849163382795e-01
3.261640825445930036e-01
2.842779803336648037e-01
2.547539252875679616e-01
2.179501344234522908e-01
2.068648031525061604e-01
1.515977362845112308e-01
1.441338587510281322e-01
2.303121815882836765e-01
2.021016707791649658e-01
2.039799162769000418e-01
1.790594041174087547e-01
1.764814201009096695e-01
1.344725567463386506e-01
1.311334536392541050e-01
2.211419241581654704e-01
2.020525663217078438e-01
2.019543574067935998e-01
1.919002197424471146e-01
1.923176076308326932e-01
1.567537043175094291e-01
1.670410881547772508e-01
2.621932505923225132e-01
2.554168354632391780e-01
2.658760849016069683e-01
2.777593636062313798e-01
2.957193189211750894e-01
2.376778502068525312e-01
2.699517548705483994e-01
4.260057206692937637e-01
4.155587473452902469e-01
4.279698989675787546e-01
4.158533740900330344e-01
4.399145582440245894e-01
3.086583434611276933e-01
3.984949483789391178e-01
5.816668508083820965e-01
5.605519341018181390e-01
5.188622497207183715e-01
3.907978246725346549e-01
1.739770927705962533e-01
4.952552817982052158e-01
5.857916252347806774e-01
5.590910764924685861e-01
1.000000000000000000e+00
8.683018450999889781e-01
6.477123460882161510e-01
3.904418173559704996e-01
7.410108152567549400e-01
6.756036779238635548e-01
9.279883131391252205e-01
7.846401257074110402e-01
6.718962913858504971e-01
5.164070268478621051e-01
