0.000000000000000000e+00
0.000000000000000000e+00
9.328358208955223703e-04
1.865671641791044741e-03
0.000000000000000000e+00
2.798507462686567002e-03
0.000000000000000000e+00
0.000000000000000000e+00
2.798507462686567002e-03
4.664179104477611526e-03
2.798507462686567002e-03
7.462686567164178962e-03
1.212686567164179136e-02
1.492537313432835792e-02
2.052238805970149280e-02
2.985074626865671585e-02
4.291044776119402882e-02
4.850746268656716542e-02
6.343283582089552508e-02
6.902985074626866169e-02
1.016791044776119424e-01
1.222014925373134386e-01
1.539179104477611804e-01
1.735074626865671654e-01
2.210820895522388196e-01
2.817164179104477695e-01
3.358208955223880854e-01
3.722014925373134386e-01
4.067164179104477695e-01
4.729477611940298698e-01
5.457089552238806318e-01
6.166044776119402604e-01
7.154850746268657247e-01
7.509328358208955390e-01
7.826492537313433084e-01
8.432835820895522305e-01
8.526119402985075091e-01
8.320895522388059851e-01
9.319029850746268773e-01
1.000000000000000000e+00
9.309701492537313383e-01
8.777985074626866169e-01
8.917910447761193682e-01
8.927238805970149071e-01
8.330223880597015240e-01
8.013059701492537545e-01
8.199626865671642006e-01
7.817164179104477695e-01
7.639925373134328623e-01
7.453358208955224162e-01
7.117537313432835688e-01
7.294776119402984760e-01
6.921641791044775838e-01
6.791044776119402604e-01
6.287313432835820448e-01
6.361940298507462455e-01
6.016791044776119701e-01
5.904850746268657247e-01
5.550373134328357994e-01
5.223880597014924909e-01
5.307835820895522305e-01
5.121268656716417844e-01
5.289179104477611526e-01
4.598880597014925464e-01
4.179104477611940149e-01
4.505597014925373234e-01
4.319029850746268773e-01
4.300373134328357994e-01
4.291044776119403159e-01
3.554104477611940149e-01
3.526119402985074536e-01
3.236940298507462455e-01
2.873134328358208922e-01
2.985074626865671377e-01
2.947761194029850929e-01
3.106343283582089776e-01
2.910447761194029925e-01
2.919776119402985315e-01
2.481343283582089498e-01
2.733208955223880854e-01
2.565298507462686617e-01
2.490671641791044888e-01
2.210820895522388196e-01
2.070895522388059573e-01
2.014925373134328346e-01
1.819029850746268773e-01
1.875000000000000000e-01
1.977611940298507343e-01
1.837686567164178997e-01
2.024253731343283458e-01
1.735074626865671654e-01
1.520522388059701580e-01
1.175373134328358271e-01
1.259328358208955112e-01
1.576492537313432807e-01
1.445895522388059573e-01
1.250000000000000000e-01
1.138059701492537268e-01
1.035447761194029787e-01
1.184701492537313383e-01
1.147388059701492519e-01
8.395522388059702135e-02
1.016791044776119424e-01
7.462686567164178442e-02
7.369402985074627321e-02
5.876865671641791355e-02
8.115671641791044610e-02
6.529850746268656136e-02
7.835820895522388474e-02
5.410447761194029509e-02
5.690298507462686339e-02
4.850746268656716542e-02
5.597014925373134525e-02
5.037313432835820864e-02
5.970149253731343170e-02
5.970149253731343170e-02
6.996268656716417289e-02
6.343283582089552508e-02
3.824626865671641729e-02
4.570895522388059712e-02
4.104477611940298559e-02
3.638059701492537407e-02
4.384328358208955390e-02
2.518656716417910432e-02
4.011194029850746051e-02
2.705223880597014754e-02
3.078358208955223746e-02
2.518656716417910432e-02
3.264925373134328068e-02
2.518656716417910432e-02
2.238805970149253602e-02
3.451492537313433084e-02
1.958955223880597118e-02
2.052238805970149280e-02
1.212686567164179136e-02
2.238805970149253602e-02
1.958955223880597118e-02
1.865671641791044610e-02
1.212686567164179136e-02
1.679104477611940288e-02
1.305970149253731297e-02
1.305970149253731297e-02
1.119402985074626801e-02
1.865671641791044610e-02
1.585820895522388127e-02
1.492537313432835792e-02
6.529850746268656483e-03
1.399253731343283631e-02
1.492537313432835792e-02
1.026119402985074640e-02
1.119402985074626801e-02
1.119402985074626801e-02
9.328358208955223052e-03
1.305970149253731297e-02
1.026119402985074640e-02
9.328358208955223052e-03
1.399253731343283631e-02
1.305970149253731297e-02
5.597014925373134005e-03
8.395522388059701441e-03
1.119402985074626801e-02
1.305970149253731297e-02
7.462686567164178962e-03
1.212686567164179136e-02
9.328358208955223052e-03
6.529850746268656483e-03
8.395522388059701441e-03
6.529850746268656483e-03
1.119402985074626801e-02
3.731343283582089481e-03
1.119402985074626801e-02
8.395522388059701441e-03
2.798507462686567002e-03
7.462686567164178962e-03
6.529850746268656483e-03
7.462686567164178962e-03
1.305970149253731297e-02
5.597014925373134005e-03
1.119402985074626801e-02
1.026119402985074640e-02
7.462686567164178962e-03
9.328358208955223052e-03
4.664179104477611526e-03
5.597014925373134005e-03
8.395522388059701441e-03
2.798507462686567002e-03
8.395522388059701441e-03
9.328358208955223052e-03
6.529850746268656483e-03
1.212686567164179136e-02
7.462686567164178962e-03
1.399253731343283631e-02
8.395522388059701441e-03
8.395522388059701441e-03
1.212686567164179136e-02
1.212686567164179136e-02
1.679104477611940288e-02
1.492537313432835792e-02
1.958955223880597118e-02
1.679104477611940288e-02
2.425373134328358271e-02
2.518656716417910432e-02
2.145522388059701441e-02
1.865671641791044610e-02
2.891791044776119424e-02
2.518656716417910432e-02
3.638059701492537407e-02
5.223880597014925187e-02
3.264925373134328068e-02
2.985074626865671585e-02
3.638059701492537407e-02
4.384328358208955390e-02
5.037313432835820864e-02
4.477611940298507204e-02
5.317164179104477695e-02
6.156716417910447492e-02
6.343283582089552508e-02
6.156716417910447492e-02
5.597014925373134525e-02
6.529850746268656136e-02
6.436567164179105016e-02
9.514925373134328068e-02
8.582089552238805763e-02
7.369402985074627321e-02
9.608208955223880576e-02
1.138059701492537268e-01
1.044776119402985037e-01
1.026119402985074675e-01
1.072761194029850790e-01
1.408582089552238847e-01
1.371268656716417844e-01
1.641791044776119424e-01
1.483208955223880576e-01
1.781716417910447769e-01
1.809701492537313383e-01
2.070895522388059573e-01
2.182835820895522305e-01
2.070895522388059573e-01
1.986940298507462732e-01
2.304104477611940427e-01
2.583955223880596841e-01
2.481343283582089498e-01
2.639925373134328623e-01
2.891791044776119146e-01
3.152985074626865614e-01
2.985074626865671377e-01
3.320895522388059851e-01
3.087686567164178997e-01
3.348880597014925464e-01
3.069029850746268773e-01
3.507462686567164312e-01
3.731343283582089776e-01
3.628731343283582156e-01
3.852611940298507620e-01
4.477611940298507620e-01
3.610074626865671377e-01
3.610074626865671377e-01
3.899253731343283458e-01
4.048507462686566916e-01
3.992537313432835688e-01
4.197761194029850929e-01
3.955223880597014685e-01
4.095149253731343308e-01
4.542910447761194237e-01
4.300373134328357994e-01
4.207089552238805763e-01
4.291044776119403159e-01
4.458955223880596841e-01
4.309701492537313383e-01
4.263059701492537545e-01
4.505597014925373234e-01
4.011194029850746468e-01
3.908582089552238847e-01
4.291044776119403159e-01
4.291044776119403159e-01
3.927238805970149071e-01
3.750000000000000000e-01
3.600746268656716542e-01
4.384328358208955390e-01
4.384328358208955390e-01
3.656716417910447769e-01
3.871268656716417844e-01
3.908582089552238847e-01
4.039179104477612081e-01
3.992537313432835688e-01
4.132462686567164312e-01
4.207089552238805763e-01
4.095149253731343308e-01
3.843283582089552231e-01
4.421641791044776393e-01
4.197761194029850929e-01
4.067164179104477695e-01
4.888059701492537545e-01
4.729477611940298698e-01
4.505597014925373234e-01
4.673507462686566916e-01
5.214552238805970630e-01
5.093283582089552786e-01
5.177238805970149071e-01
5.242537313432835688e-01
5.494402985074626766e-01
5.923507462686566916e-01
5.746268656716417844e-01
6.026119402985075091e-01
6.044776119402984760e-01
6.175373134328357994e-01
6.427238805970149071e-01
6.119402985074626766e-01
6.156716417910447214e-01
6.222014925373133831e-01
7.154850746268657247e-01
7.024253731343284013e-01
7.192164179104477695e-01
6.725746268656715987e-01
